1000
6207
3
0	4079	360
3
4079	360	1
7
0	139	136	12	22	102	2
7
139	136	12	22	102	2	1
6
0	15	127	22	184	2
6
15	127	22	184	2	1
8
0	23	146	26	11	51	157	2
8
23	146	26	11	51	157	2	1
15
0	26	206	146	53	11	549	266	194	26	206	146	53	10	2
15
26	206	146	53	11	549	266	194	26	206	146	53	10	2	1
7
0	10	127	63	36	549	2
7
10	127	63	36	549	2	1
45
0	8	5	17	7	111	12	5	370	106	3	8	50	768	106	3	43	5	17	51	423	33	1269	2460	8	17	51	423	1374	33	860	202	3	1748	8	133	3	8	217	4880	33	6	1118	350	2
45
8	5	17	7	111	12	5	370	106	3	8	50	768	106	3	43	5	17	51	423	33	1269	2460	8	17	51	423	1374	33	860	202	3	1748	8	133	3	8	217	4880	33	6	1118	350	2	1
9
0	248	3	248	6	25	14	214	2
9
248	3	248	6	25	14	214	2	1
7
0	13	17	154	18	367	2
7
13	17	154	18	367	2	1
4
0	3366	25	2
4
3366	25	2	1
14
0	13	47	7	209	3	13	47	7	91	6	64	51	2
14
13	47	7	209	3	13	47	7	91	6	64	51	2	1
8
0	5	121	6	25	14	214	2
8
5	121	6	25	14	214	2	1
9
0	22	15	127	6	99	10	23	2
9
22	15	127	6	99	10	23	2	1
4
0	50	626	2
4
50	626	2	1
25
0	39	15	44	3	34	64	23	96	5011	18	6	375	1558	39	11	147	86	23	114	92	439	401	231	2
25
39	15	44	3	34	64	23	96	5011	18	6	375	1558	39	11	147	86	23	114	92	439	401	231	2	1
17
0	6	138	23	2545	340	98	3	8	87	14	6	366	9	303	1733	2
17
6	138	23	2545	340	98	3	8	87	14	6	366	9	303	1733	2	1
48
0	34	147	23	880	3408	857	3	11	617	15	123	8	123	25	31	701	3	8	5	56	5	37	6	191	7	242	10	3	93	26	94	11	2725	224	4939	107	12	47	7	27	52	3	152	161	30	632	2
48
34	147	23	880	3408	857	3	11	617	15	123	8	123	25	31	701	3	8	5	56	5	37	6	191	7	242	10	3	93	26	94	11	2725	224	4939	107	12	47	7	27	52	3	152	161	30	632	2	1
20
0	18	196	1156	3	510	23	1817	3	8	34	64	23	18	630	804	8	406	3930	2
20
18	196	1156	3	510	23	1817	3	8	34	64	23	18	630	804	8	406	3930	2	1
4
0	50	626	2
4
50	626	2	1
9
0	290	31	41	165	3	71	1023	2
9
290	31	41	165	3	71	1023	2	1
9
0	13	31	41	165	8	71	1023	2
9
13	31	41	165	8	71	1023	2	1
10
0	8	10	127	5473	194	10	110	1603	2
10
8	10	127	5473	194	10	110	1603	2	1
17
0	8	5	370	11	599	3	171	50	599	3	8	5	370	11	451	2
17
8	5	370	11	599	3	171	50	599	3	8	5	370	11	451	2	1
11
0	8	5	370	50	1404	73	34	451	290	2
11
8	5	370	50	1404	73	34	451	290	2	1
12
0	43	13	142	6	147	53	298	39	1125	1855	2
12
43	13	142	6	147	53	298	39	1125	1855	2	1
19
0	12	109	228	3	179	9	119	19	7	32	35	3	9	119	19	7	221	2
19
12	109	228	3	179	9	119	19	7	32	35	3	9	119	19	7	221	2	1
9
0	230	141	379	194	230	141	379	2
9
230	141	379	194	230	141	379	2	1
6
0	12	76	62	382	2
6
12	76	62	382	2	1
23
0	11	406	1442	8	73	6	99	10	96	2293	18	18	6171	8	10	23	19	7	30	11	315	2
23
11	406	1442	8	73	6	99	10	96	2293	18	18	6171	8	10	23	19	7	30	11	315	2	1
7
0	25	31	1108	74	5878	2
7
25	31	1108	74	5878	2	1
7
0	1408	31	3845	6	263	2
7
1408	31	3845	6	263	2	1
22
0	5	17	11	357	14	552	86	127	11	623	3	11	50	90	623	3	11	50	538	157	2
22
5	17	11	357	14	552	86	127	11	623	3	11	50	90	623	3	11	50	538	157	2	1
13
0	26	44	3	5	17	123	1703	107	5	17	3934	2
13
26	44	3	5	17	123	1703	107	5	17	3934	2	1
29
0	8	26	882	43	10	23	22	1368	8	22	401	8	26	127	110	89	15	197	8	26	127	19	7	422	74	185	263	2
29
8	26	882	43	10	23	22	1368	8	22	401	8	26	127	110	89	15	197	8	26	127	19	7	422	74	185	263	2	1
8
0	8	26	37	50	538	157	2
8
8	26	37	50	538	157	2	1
9
0	24	10	127	265	123	8	123	2
9
24	10	127	265	123	8	123	2	1
11
0	76	62	382	39	11	83	546	216	2322	2
11
76	62	382	39	11	83	546	216	2322	2	1
11
0	5	17	87	3856	3	87	3	87	3856	2
11
5	17	87	3856	3	87	3	87	3856	2	1
8
0	13	119	41	103	6	215	2
8
13	119	41	103	6	215	2	1
8
0	24	33	83	430	3	151	28
8
24	33	83	430	3	151	28	1
9
0	65	257	52	382	37	11	842	2
9
65	257	52	382	37	11	842	2	1
7
0	10	37	11	3074	842	2
7
10	37	11	3074	842	2	1
16
0	8	72	12	56	52	10	3	1169	3	5	101	31	13	4346	28
16
8	72	12	56	52	10	3	1169	3	5	101	31	13	4346	28	1
6
0	206	730	32	233	28
6
206	730	32	233	28	1
11
0	8	38	31	6	451	290	114	52	10	28
11
8	38	31	6	451	290	114	52	10	28	1
13
0	26	1809	52	6	623	3	26	1809	52	183	2355	2
13
26	1809	52	6	623	3	26	1809	52	183	2355	2	1
7
0	12	54	294	140	530	2
7
12	54	294	140	530	2	1
11
0	8	12	303	41	322	15	492	14	349	2
11
8	12	303	41	322	15	492	14	349	2	1
11
0	15	127	55	6	299	1427	1212	3	1212	2
11
15	127	55	6	299	1427	1212	3	1212	2	1
15
0	5	32	146	104	66	10	264	43	133	467	1212	3	1212	2
15
5	32	146	104	66	10	264	43	133	467	1212	3	1212	2	1
9
0	24	12	17	322	35	52	382	2
9
24	12	17	322	35	52	382	2	1
6
0	8	10	127	1930	2
6
8	10	127	1930	2	1
11
0	10	127	11	126	3	1562	3	301	842	2
11
10	127	11	126	3	1562	3	301	842	2	1
9
0	140	1663	31	19	261	6	1399	2
9
140	1663	31	19	261	6	1399	2	1
25
0	12	119	36	19	7	53	221	735	12	119	450	73	92	2744	5162	3	12	119	36	19	7	53	4783	2
25
12	119	36	19	7	53	221	735	12	119	450	73	92	2744	5162	3	12	119	36	19	7	53	4783	2	1
22
0	8	25	15	89	1191	15	13	1418	3	15	13	96	1418	3	32	146	17	170	1191	264	2
22
8	25	15	89	1191	15	13	1418	3	15	13	96	1418	3	32	146	17	170	1191	264	2	1
10
0	22	10	127	11	299	3	299	315	2
10
22	10	127	11	299	3	299	315	2	1
10
0	8	210	94	7	1606	8	1353	382	2
10
8	210	94	7	1606	8	1353	382	2	1
15
0	8	13	17	7	32	10	547	8	36	63	165	52	10	2
15
8	13	17	7	32	10	547	8	36	63	165	52	10	2	1
10
0	65	3	9	17	7	212	11	4792	2
10
65	3	9	17	7	212	11	4792	2	1
10
0	8	10	127	85	7	30	11	1574	2
10
8	10	127	85	7	30	11	1574	2	1
8
0	86	54	212	173	107	117	28
8
86	54	212	173	107	117	28	1
10
0	5	212	194	10	127	38	5	32	2
10
5	212	194	10	127	38	5	32	2	1
15
0	5	212	194	5	212	184	3619	3	24	5	212	51	1174	2
15
5	212	194	5	212	184	3619	3	24	5	212	51	1174	2	1
8
0	3619	31	420	3	134	48	2
8
3619	31	420	3	134	48	2	1
15
0	5	258	6	118	240	49	331	25	63	1460	686	6	271	2
15
5	258	6	118	240	49	331	25	63	1460	686	6	271	2	1
5
0	13	119	1460	2
5
13	119	1460	2	1
22
0	6	219	23	1028	70	2231	536	8	25	31	63	1460	67	18	749	3	226	150	34	64	2
22
6	219	23	1028	70	2231	536	8	25	31	63	1460	67	18	749	3	226	150	34	64	2	1
6
0	10	23	22	401	2
6
10	23	22	401	2	1
6
0	10	23	22	728	2
6
10	23	22	728	2	1
6
0	10	23	22	857	2
6
10	23	22	857	2	1
11
0	8	9	32	146	17	6	283	226	18	2
11
8	9	32	146	17	6	283	226	18	2	1
15
0	9	17	25	15	31	2743	3	9	17	25	15	31	4349	2
15
9	17	25	15	31	2743	3	9	17	25	15	31	4349	2	1
7
0	12	54	719	17	902	2
7
12	54	719	17	902	2	1
8
0	12	54	719	17	493	902	2
8
12	54	719	17	493	902	2	1
10
0	12	54	17	233	226	686	6	271	2
10
12	54	17	233	226	686	6	271	2	1
9
0	9	32	146	32	233	52	10	2
9
9	32	146	32	233	52	10	2	1
27
0	22	5	100	66	15	59	5	199	8	59	5	116	3	5	100	719	306	73	284	11	50	3	50	663	271	2
27
22	5	100	66	15	59	5	199	8	59	5	116	3	5	100	719	306	73	284	11	50	3	50	663	271	2	1
15
0	128	3	6	290	165	52	10	8	13	32	230	52	10	2
15
128	3	6	290	165	52	10	8	13	32	230	52	10	2	1
3
0	2058	2
3
2058	2	1
7
0	179	3	2058	3	2058	2
7
179	3	2058	3	2058	2	1
5
0	257	23	2058	2
5
257	23	2058	2	1
4
0	38	379	28
4
38	379	28	1
3
0	230	2
3
230	2	1
5
0	2132	3	1213	2
5
2132	3	1213	2	1
10
0	5	53	2484	41	6	113	3	151	2
10
5	53	2484	41	6	113	3	151	2	1
7
0	5	199	11	126	263	2
7
5	199	11	126	263	2	1
21
0	12	27	5	303	228	44	10	127	50	3	50	280	33	11	201	86	23	50	538	2
21
12	27	5	303	228	44	10	127	50	3	50	280	33	11	201	86	23	50	538	2	1
8
0	5	17	168	22	87	241	2
8
5	17	168	22	87	241	2	1
10
0	325	41	14	60	17	78	2409	538	2
10
325	41	14	60	17	78	2409	538	2	1
11
0	12	506	109	15	72	5	1321	88	1019	2
11
12	506	109	15	72	5	1321	88	1019	2	1
17
0	5	101	12	61	109	194	12	61	30	50	483	14	48	3	151	2
17
5	101	12	61	109	194	12	61	30	50	483	14	48	3	151	2	1
42
0	24	5	303	228	44	3	8	5	44	10	768	3	10	127	50	280	33	210	15	206	217	272	14	241	7	199	33	769	3	199	33	459	419	3	196	419	3	142	2536	147	2
42
24	5	303	228	44	3	8	5	44	10	768	3	10	127	50	280	33	210	15	206	217	272	14	241	7	199	33	769	3	199	33	459	419	3	196	419	3	142	2536	147	2	1
30
0	43	12	303	168	22	102	194	12	303	2407	22	87	25	194	12	303	871	22	87	221	76	3	220	3	38	122	26	32	28
30
43	12	303	168	22	102	194	12	303	2407	22	87	25	194	12	303	871	22	87	221	76	3	220	3	38	122	26	32	28	1
4
0	71	143	2
4
71	143	2	1
7
0	26	110	122	11	143	2
7
26	110	122	11	143	2	1
6
0	26	122	58	143	2
6
26	122	58	143	2	1
4
0	11	646	2
4
11	646	2	1
17
0	8	59	12	122	15	646	12	1619	30	18	2341	67	65	3	151	2
17
8	59	12	122	15	646	12	1619	30	18	2341	67	65	3	151	2	1
7
0	26	85	298	39	1855	2
7
26	85	298	39	1855	2	1
9
0	24	5	54	111	12	3	1213	2
9
24	5	54	111	12	3	1213	2	1
18
0	2132	3	6	1213	3	236	14	60	3	13	145	410	194	13	145	410	2
18
2132	3	6	1213	3	236	14	60	3	13	145	410	194	13	145	410	2	1
23
0	59	12	145	18	88	138	12	100	27	15	1213	501	146	30	410	194	13	501	146	30	410	2
23
59	12	145	18	88	138	12	100	27	15	1213	501	146	30	410	194	13	501	146	30	410	2	1
14
0	22	163	31	146	34	290	5994	69	137	170	1213	31	28
14
22	163	31	146	34	290	5994	69	137	170	1213	31	28	1
31
0	13	165	52	762	1249	8	13	165	52	246	8	13	165	52	179	124	9	17	7	309	6	271	194	15	127	6	285	14	10	2
31
13	165	52	762	1249	8	13	165	52	246	8	13	165	52	179	124	9	17	7	309	6	271	194	15	127	6	285	14	10	2	1
17
0	134	48	59	5	122	154	12	100	17	11	271	15	100	30	51	2
17
134	48	59	5	122	154	12	100	17	11	271	15	100	30	51	2	1
7
0	24	13	165	52	10	2
7
24	13	165	52	10	2	1
13
0	8	115	12	17	11	147	15	206	92	762	445	2
13
8	115	12	17	11	147	15	206	92	762	445	2	1
9
0	167	104	322	14	92	762	445	2
9
167	104	322	14	92	762	445	2	1
17
0	26	206	10	7	142	25	131	18	8	167	206	233	52	762	1249	2
17
26	206	10	7	142	25	131	18	8	167	206	233	52	762	1249	2	1
84
0	163	122	146	13	79	7	1342	8	480	33	3846	3718	221	152	23	154	15	72	12	27	210	23	19	7	79	229	12	8	72	10	127	18	1428	3	8	26	127	78	200	10	33	11	249	113	194	26	44	3	5	370	19	7	1138	35	8	15	221	163	122	146	34	545	79	18	8	53	11	3846	3718	81	6	5036	43	12	161	17	287	6	576	594	407	3573	2
84
163	122	146	13	79	7	1342	8	480	33	3846	3718	221	152	23	154	15	72	12	27	210	23	19	7	79	229	12	8	72	10	127	18	1428	3	8	26	127	78	200	10	33	11	249	113	194	26	44	3	5	370	19	7	1138	35	8	15	221	163	122	146	34	545	79	18	8	53	11	3846	3718	81	6	5036	43	12	161	17	287	6	576	594	407	3573	2	1
39
0	772	13	17	11	1004	3228	3	15	211	6	113	10	127	1421	3	5	27	22	102	52	35	3	594	3	909	3	1109	144	81	65	625	127	19	7	482	52	10	2
39
772	13	17	11	1004	3228	3	15	211	6	113	10	127	1421	3	5	27	22	102	52	35	3	594	3	909	3	1109	144	81	65	625	127	19	7	482	52	10	2	1
17
0	9	506	30	150	11	224	4947	3	8	34	64	61	30	1322	1185	2
17
9	506	30	150	11	224	4947	3	8	34	64	61	30	1322	1185	2	1
8
0	22	9	17	7	32	154	2
8
22	9	17	7	32	154	2	1
3
0	155	2
3
155	2	1
3
0	149	2
3
149	2	1
14
0	5	101	5	303	207	22	102	82	569	255	6	1561	2
14
5	101	5	303	207	22	102	82	569	255	6	1561	2	1
21
0	58	14	6	283	241	5	141	122	37	255	6	1561	3	8	13	423	48	33	10	2
21
58	14	6	283	241	5	141	122	37	255	6	1561	3	8	13	423	48	33	10	2	1
6
0	8	5	27	60	2
6
8	5	27	60	2	1
16
0	8	13	66	3	9	501	146	134	38	9	119	247	298	39	2
16
8	13	66	3	9	501	146	134	38	9	119	247	298	39	2	1
11
0	9	501	146	134	112	338	140	372	31	2
11
9	501	146	134	112	338	140	372	31	2	1
6
0	13	111	48	15	2
6
13	111	48	15	2	1
22
0	65	13	32	146	27	5	370	19	7	79	8	91	11	387	52	10	3	24	163	36	2
22
65	13	32	146	27	5	370	19	7	79	8	91	11	387	52	10	3	24	163	36	2	1
7
0	24	13	111	48	15	2
7
24	13	111	48	15	2	1
47
0	8	73	6	99	3	756	33	6	193	106	15	614	22	102	221	1415	3	5	101	6	1415	12	614	31	189	194	5	32	146	27	59	12	303	78	527	38	127	265	39	6	2616	14	22	87	268	2
47
8	73	6	99	3	756	33	6	193	106	15	614	22	102	221	1415	3	5	101	6	1415	12	614	31	189	194	5	32	146	27	59	12	303	78	527	38	127	265	39	6	2616	14	22	87	268	2	1
12
0	6	3165	3	149	23	19	622	39	6	1648	2
12
6	3165	3	149	23	19	622	39	6	1648	2	1
17
0	5	110	281	15	13	1619	17	6	2097	7	32	38	13	119	114	2
17
5	110	281	15	13	1619	17	6	2097	7	32	38	13	119	114	2	1
8
0	13	31	1921	166	7	230	2
8
13	31	1921	166	7	230	2	1
30
0	8	38	10	127	19	7	32	23	91	10	836	33	12	7	614	140	1381	194	10	127	19	91	10	836	33	12	7	1145	2
30
8	38	10	127	19	7	32	23	91	10	836	33	12	7	614	140	1381	194	10	127	19	91	10	836	33	12	7	1145	2	1
9
0	8	13	119	247	298	39	10	2
9
8	13	119	247	298	39	10	2	1
38
0	8	13	100	146	17	104	168	10	195	144	177	3	24	65	13	458	9	119	22	1004	8	9	17	22	87	224	366	41	103	6	138	15	13	54	32	10	2
38
8	13	100	146	17	104	168	10	195	144	177	3	24	65	13	458	9	119	22	1004	8	9	17	22	87	224	366	41	103	6	138	15	13	54	32	10	2	1
11
0	24	12	465	35	1648	14	41	14	10	2
11
24	12	465	35	1648	14	41	14	10	2	1
14
0	5	101	6	3165	3	149	3	174	194	133	23	1921	2
14
5	101	6	3165	3	149	3	174	194	133	23	1921	2	1
15
0	8	72	12	345	6	1652	23	247	1144	3	10	1170	90	2
15
8	72	12	345	6	1652	23	247	1144	3	10	1170	90	2	1
13
0	12	27	10	127	58	14	170	129	3	1170	90	2
13
12	27	10	127	58	14	170	129	3	1170	90	2	1
5
0	30	50	1559	2
5
30	50	1559	2	1
5
0	30	50	1559	2
5
30	50	1559	2	1
24
0	43	9	119	63	19	7	411	123	8	123	263	7	75	378	268	15	96	27	38	13	31	114	2
24
43	9	119	63	19	7	411	123	8	123	263	7	75	378	268	15	96	27	38	13	31	114	2	1
6
0	13	17	10	1026	2
6
13	17	10	1026	2	1
7
0	32	146	482	334	130	2
7
32	146	482	334	130	2	1
12
0	149	1346	6	181	58	812	462	11	251	177	2
12
149	1346	6	181	58	812	462	11	251	177	2	1
14
0	15	37	2089	194	7	56	15	15	37	19	7	158	2
14
15	37	2089	194	7	56	15	15	37	19	7	158	2	1
6
0	10	37	439	2089	2
6
10	37	439	2089	2	1
12
0	22	10	232	8	10	127	50	3	50	695	2
12
22	10	232	8	10	127	50	3	50	695	2	1
10
0	65	9	388	83	572	277	18	310	2
10
65	9	388	83	572	277	18	310	2	1
5
0	9	85	230	2
5
9	85	230	2	1
16
0	13	32	146	104	423	98	194	13	32	146	104	180	52	98	2
16
13	32	146	104	423	98	194	13	32	146	104	180	52	98	2	1
20
0	675	13	287	247	120	4826	5616	3	8	279	3	179	688	131	95	8	393	98	2
20
675	13	287	247	120	4826	5616	3	8	279	3	179	688	131	95	8	393	98	2	1
18
0	9	47	12	69	194	115	41	14	6	655	11	178	481	2656	3	262	2
18
9	47	12	69	194	115	41	14	6	655	11	178	481	2656	3	262	2	1
11
0	73	6	99	3	12	27	112	13	3103	2
11
73	6	99	3	12	27	112	13	3103	2	1
6
0	13	313	6	316	2
6
13	313	6	316	2	1
31
0	8	33	170	14	12	15	27	8	121	352	117	221	70	31	108	14	12	221	17	5	78	200	33	326	144	3	294	6	316	2
31
8	33	170	14	12	15	27	8	121	352	117	221	70	31	108	14	12	221	17	5	78	200	33	326	144	3	294	6	316	2	1
8
0	22	65	262	94	6	316	2
8
22	65	262	94	6	316	2	1
16
0	8	6	342	15	262	206	146	17	3	254	23	19	7	105	2
16
8	6	342	15	262	206	146	17	3	254	23	19	7	105	2	1
6
0	22	9	53	230	2
6
22	9	53	230	2	1
25
0	9	17	83	572	277	8	9	17	236	14	635	410	3	236	3	8	9	17	3	38	32	9	17	2
25
9	17	83	572	277	8	9	17	236	14	635	410	3	236	3	8	9	17	3	38	32	9	17	2	1
22
0	5	101	5	773	166	6	2686	14	178	486	8	5	109	22	87	833	1207	3	189	25	2
22
5	101	5	773	166	6	2686	14	178	486	8	5	109	22	87	833	1207	3	189	25	2	1
30
0	8	9	17	7	393	170	25	3	9	17	7	393	34	354	3	9	17	7	393	34	219	3	9	17	7	212	34	219	2
30
8	9	17	7	393	170	25	3	9	17	7	393	34	354	3	9	17	7	393	34	219	3	9	17	7	212	34	219	2	1
18
0	24	3	8	9	17	7	32	10	547	194	9	17	7	32	10	547	2
18
24	3	8	9	17	7	32	10	547	194	9	17	7	32	10	547	2	1
6
0	9	17	857	25	2
6
9	17	857	25	2	1
15
0	13	204	25	18	1263	15	17	71	984	38	13	119	114	2
15
13	204	25	18	1263	15	17	71	984	38	13	119	114	2	1
5
0	10	882	82	2
5
10	882	82	2	1
21
0	9	17	7	91	34	64	391	128	22	9	32	15	3	22	9	54	603	669	321	2
21
9	17	7	91	34	64	391	128	22	9	32	15	3	22	9	54	603	669	321	2	1
24
0	2715	5	370	36	11	2926	194	5	506	211	30	6	175	451	15	206	36	47	7	819	669	321	2
24
2715	5	370	36	11	2926	194	5	506	211	30	6	175	451	15	206	36	47	7	819	669	321	2	1
30
0	5	370	36	11	2926	14	669	321	194	5	47	7	91	6	64	391	22	15	669	321	54	30	5101	3	8	851	8	2190	2
30
5	370	36	11	2926	14	669	321	194	5	47	7	91	6	64	391	22	15	669	321	54	30	5101	3	8	851	8	2190	2	1
27
0	53	369	14	6	682	3	53	369	14	6	1388	3	24	12	2956	140	669	321	194	12	303	78	550	140	321	2
27
53	369	14	6	682	3	53	369	14	6	1388	3	24	12	2956	140	669	321	194	12	303	78	550	140	321	2	1
40
0	8	55	3	5	55	3421	1998	3	5	55	11	84	14	6	25	15	31	198	52	12	27	1842	669	321	3	8	73	6	99	6	548	31	2336	140	5267	49	35	1157	2
40
8	55	3	5	55	3421	1998	3	5	55	11	84	14	6	25	15	31	198	52	12	27	1842	669	321	3	8	73	6	99	6	548	31	2336	140	5267	49	35	1157	2	1
46
0	10	127	92	1157	15	12	119	36	19	7	116	194	12	303	85	7	91	6	64	391	128	8	300	128	22	15	12	54	1206	10	3	8	22	12	54	1206	219	3	8	41	14	6	118	129	2
46
10	127	92	1157	15	12	119	36	19	7	116	194	12	303	85	7	91	6	64	391	128	8	300	128	22	15	12	54	1206	10	3	8	22	12	54	1206	219	3	8	41	14	6	118	129	2	1
18
0	65	3	9	17	11	1230	2893	65	3	8	6	1230	2893	23	478	691	2
18
65	3	9	17	11	1230	2893	65	3	8	6	1230	2893	23	478	691	2	1
17
0	9	96	32	17	7	53	300	3	8	9	17	7	53	300	547	2
17
9	96	32	17	7	53	300	3	8	9	17	7	53	300	547	2	1
11
0	9	501	146	142	254	53	11	478	1670	2
11
9	501	146	142	254	53	11	478	1670	2	1
7
0	9	501	146	32	10	2
7
9	501	146	32	10	2	1
6
0	501	146	32	10	2
6
501	146	32	10	2	1
8
0	9	54	36	142	15	158	2
8
9	54	36	142	15	158	2	1
33
0	12	27	18	6	518	295	3	5	100	17	44	435	144	177	3	397	144	177	3	734	144	177	3	1927	69	8	142	60	356	764	118	2
33
12	27	18	6	518	295	3	5	100	17	44	435	144	177	3	397	144	177	3	734	144	177	3	1927	69	8	142	60	356	764	118	2	1
7
0	106	9	31	18	600	2
7
106	9	31	18	600	2	1
11
0	9	119	569	25	15	47	7	3947	600	2
11
9	119	569	25	15	47	7	3947	600	2	1
5
0	56	14	35	2
5
56	14	35	2	1
14
0	9	119	569	262	3	24	262	327	7	3947	6	560	2
14
9	119	569	262	3	24	262	327	7	3947	6	560	2	1
22
0	223	12	142	60	356	33	11	187	409	8	115	12	105	69	6	58	15	3431	3	151	2
22
223	12	142	60	356	33	11	187	409	8	115	12	105	69	6	58	15	3431	3	151	2	1
10
0	24	56	14	10	194	56	14	10	2
10
24	56	14	10	194	56	14	10	2	1
22
0	262	23	569	60	8	9	31	1484	6	335	69	14	60	3	24	9	47	600	7	1531	2
22
262	23	569	60	8	9	31	1484	6	335	69	14	60	3	24	9	47	600	7	1531	2	1
13
0	70	31	22	87	129	194	70	31	22	87	129	2
13
70	31	22	87	129	194	70	31	22	87	129	2	1
39
0	24	6	58	1230	2893	15	9	17	7	30	1559	39	3	15	9	110	96	89	7	56	52	243	102	197	3	118	107	11	5276	181	14	144	177	3	23	6	478	2
39
24	6	58	1230	2893	15	9	17	7	30	1559	39	3	15	9	110	96	89	7	56	52	243	102	197	3	118	107	11	5276	181	14	144	177	3	23	6	478	2	1
14
0	478	286	3	10	127	36	55	875	18	4861	1850	5380	2
14
478	286	3	10	127	36	55	875	18	4861	1850	5380	2	1
31
0	12	54	105	69	6	428	5137	14	35	64	3	12	54	105	69	901	3907	14	6	3121	3	12	54	105	69	129	15	145	2089	2
31
12	54	105	69	6	428	5137	14	35	64	3	12	54	105	69	901	3907	14	6	3121	3	12	54	105	69	129	15	145	2089	2	1
4
0	6	462	2
4
6	462	2	1
20
0	8	9	17	7	30	18	11	1179	137	15	110	3	141	3	141	3	183	379	2
20
8	9	17	7	30	18	11	1179	137	15	110	3	141	3	141	3	183	379	2	1
8
0	9	303	110	89	35	197	2
8
9	303	110	89	35	197	2	1
17
0	9	17	11	933	18	1316	194	9	119	558	217	1633	14	82	70	2
17
9	17	11	933	18	1316	194	9	119	558	217	1633	14	82	70	2	1
10
0	9	119	453	7	32	6	67	130	2
10
9	119	453	7	32	6	67	130	2	1
12
0	9	17	499	3	128	221	71	499	1570	98	2
12
9	17	499	3	128	221	71	499	1570	98	2	1
25
0	12	27	3	499	14	118	415	110	423	338	25	3	151	3	15	127	58	130	12	119	19	7	437	2
25
12	27	3	499	14	118	415	110	423	338	25	3	151	3	15	127	58	130	12	119	19	7	437	2	1
8
0	6	291	130	23	265	70	2
8
6	291	130	23	265	70	2	1
30
0	8	5	110	417	15	1316	675	11	251	177	93	22	3	1316	94	217	1099	18	2173	3	224	3	36	6	316	3	24	2173	2
30
8	5	110	417	15	1316	675	11	251	177	93	22	3	1316	94	217	1099	18	2173	3	224	3	36	6	316	3	24	2173	2	1
23
0	8	9	119	569	106	3	8	49	6	118	602	14	6	5402	149	23	344	69	41	6	2173	2
23
8	9	119	569	106	3	8	49	6	118	602	14	6	5402	149	23	344	69	41	6	2173	2	1
7
0	13	119	344	10	69	2
7
13	119	344	10	69	2	1
11
0	277	14	274	8	239	14	274	14	2173	2
11
277	14	274	8	239	14	274	14	2173	2	1
24
0	22	9	119	569	106	8	13	31	344	10	69	3	433	62	98	8	200	136	12	50	102	3136	2
24
22	9	119	569	106	8	13	31	344	10	69	3	433	62	98	8	200	136	12	50	102	3136	2	1
8
0	10	127	96	3	96	622	2
8
10	127	96	3	96	622	2	1
13
0	22	9	17	7	839	648	34	816	14	35	64	2
13
22	9	17	7	839	648	34	816	14	35	64	2	1
15
0	59	9	32	146	221	6	118	240	18	1149	11	1187	4892	2
15
59	9	32	146	221	6	118	240	18	1149	11	1187	4892	2	1
9
0	760	31	2545	41	103	6	64	2
9
760	31	2545	41	103	6	64	2	1
18
0	6	3988	49	760	8	6	55	31	389	3	38	127	265	39	34	816	2
18
6	3988	49	760	8	6	55	31	389	3	38	127	265	39	34	816	2	1
20
0	5	79	7	731	736	3	5	79	7	2401	194	5	288	114	126	155	18	2401	2
20
5	79	7	731	736	3	5	79	7	2401	194	5	288	114	126	155	18	2401	2	1
8
0	5	79	7	1119	224	415	2
8
5	79	7	1119	224	415	2	1
6
0	5	79	7	149	2
6
5	79	7	149	2	1
10
0	13	31	284	11	1187	49	183	2349	2
10
13	31	284	11	1187	49	183	2349	2	1
15
0	13	17	760	15	91	6	971	510	1187	55	556	113	342	2
15
13	17	760	15	91	6	971	510	1187	55	556	113	342	2	1
13
0	13	119	284	6	235	189	129	12	17	141	222	2
13
13	119	284	6	235	189	129	12	17	141	222	2	1
36
0	13	31	284	916	18	1507	221	152	13	55	7	66	42	2926	46	24	5	303	228	44	42	1507	46	22	5	506	294	10	42	1507	46	38	6	335	2
36
13	31	284	916	18	1507	221	152	13	55	7	66	42	2926	46	24	5	303	228	44	42	1507	46	22	5	506	294	10	42	1507	46	38	6	335	2	1
39
0	24	13	119	284	3	13	119	284	92	1822	8	17	63	3699	92	1822	6	1093	14	152	12	17	110	222	3	18	2401	92	1822	6	1093	14	152	12	17	110	222	2
39
24	13	119	284	3	13	119	284	92	1822	8	17	63	3699	92	1822	6	1093	14	152	12	17	110	222	3	18	2401	92	1822	6	1093	14	152	12	17	110	222	2	1
14
0	8	115	5	131	95	7	4133	137	6	4171	17	4639	2
14
8	115	5	131	95	7	4133	137	6	4171	17	4639	2	1
7
0	6	215	23	1717	1333	2
7
6	215	23	1717	1333	2	1
22
0	12	79	150	6	2342	3223	8	13	17	11	3622	1581	15	127	22	518	10	127	1717	1333	2
22
12	79	150	6	2342	3223	8	13	17	11	3622	1581	15	127	22	518	10	127	1717	1333	2	1
16
0	8	13	17	11	3010	18	10	3	8	13	1353	10	39	2969	2
16
8	13	17	11	3010	18	10	3	8	13	1353	10	39	2969	2	1
17
0	22	12	17	11	709	3622	1581	8	13	204	2969	41	103	6	215	2
17
22	12	17	11	709	3622	1581	8	13	204	2969	41	103	6	215	2	1
8
0	35	23	976	3	36	656	2
8
35	23	976	3	36	656	2	1
18
0	8	5	63	302	2401	137	13	17	6	235	189	130	12	303	141	222	2
18
8	5	63	302	2401	137	13	17	6	235	189	130	12	303	141	222	2	1
15
0	18	289	88	5876	44	179	392	117	35	23	275	92	544	2
15
18	289	88	5876	44	179	392	117	35	23	275	92	544	2	1
14
0	5	44	10	127	36	92	544	194	13	119	63	259	2
14
5	44	10	127	36	92	544	194	13	119	63	259	2	1
32
0	24	12	76	62	3264	3	8	12	76	62	5896	1822	3	8	12	76	62	34	916	2676	3	12	76	62	34	2166	137	13	119	2288	2
32
24	12	76	62	3264	3	8	12	76	62	5896	1822	3	8	12	76	62	34	916	2676	3	12	76	62	34	2166	137	13	119	2288	2	1
19
0	12	76	62	41	14	6	129	15	31	169	221	5	506	186	12	92	571	2
19
12	76	62	41	14	6	129	15	31	169	221	5	506	186	12	92	571	2	1
27
0	8	35	23	146	732	14	38	5	37	19	7	66	3	24	5	2279	166	6	1597	8	210	636	170	3733	3871	2
27
8	35	23	146	732	14	38	5	37	19	7	66	3	24	5	2279	166	6	1597	8	210	636	170	3733	3871	2	1
7
0	12	27	6	3733	3871	2
7
12	27	6	3733	3871	2	1
23
0	6	595	15	425	14	79	55	35	404	5021	39	1222	402	15	31	228	2594	3	6097	8	301	2
23
6	595	15	425	14	79	55	35	404	5021	39	1222	402	15	31	228	2594	3	6097	8	301	2	1
31
0	122	12	141	109	123	107	55	436	1344	152	23	146	4150	3	93	2594	93	6	889	3	59	10	568	243	2125	3	10	63	5014	2
31
122	12	141	109	123	107	55	436	1344	152	23	146	4150	3	93	2594	93	6	889	3	59	10	568	243	2125	3	10	63	5014	2	1
12
0	65	13	303	78	949	35	130	33	666	144	2
12
65	13	303	78	949	35	130	33	666	144	2	1
13
0	163	206	146	1826	309	60	8	53	154	15	1181	2
13
163	206	146	1826	309	60	8	53	154	15	1181	2	1
15
0	43	13	32	146	27	194	13	32	146	27	38	127	265	2
15
43	13	32	146	27	194	13	32	146	27	38	127	265	2	1
10
0	210	207	11	84	14	82	49	15	2
10
210	207	11	84	14	82	49	15	2	1
9
0	13	32	146	27	38	23	265	2
9
13	32	146	27	38	23	265	2	1
11
0	22	9	17	7	91	34	64	51	128	2
11
22	9	17	7	91	34	64	51	128	2	1
8
0	9	17	7	839	34	64	2
8
9	17	7	839	34	64	2	1
10
0	8	9	17	11	249	99	7	79	2
10
8	9	17	11	249	99	7	79	2	1
15
0	9	31	63	18	275	630	804	43	9	469	22	102	82	2
15
9	31	63	18	275	630	804	43	9	469	22	102	82	2	1
14
0	65	9	469	10	7	6	1561	3	11	84	14	10	2
14
65	9	469	10	7	6	1561	3	11	84	14	10	2	1
8
0	9	469	10	7	118	268	2
8
9	469	10	7	118	268	2	1
10
0	13	119	6	595	15	1903	6	713	2
10
13	119	6	595	15	1903	6	713	2	1
8
0	8	115	9	186	60	82	2
8
8	115	9	186	60	82	2	1
17
0	9	17	268	15	9	469	82	7	8	511	9	119	788	60	2236	2
17
9	17	268	15	9	469	82	7	8	511	9	119	788	60	2236	2	1
30
0	5	63	2275	236	14	331	1624	8	782	2611	8	2303	8	5	101	12	27	221	71	270	329	446	7	109	8	446	7	5455	2
30
5	63	2275	236	14	331	1624	8	782	2611	8	2303	8	5	101	12	27	221	71	270	329	446	7	109	8	446	7	5455	2	1
34
0	10	127	304	551	3	8	1492	13	17	11	213	9	463	6	4152	3	9	463	6	5351	3	9	463	34	5554	3	9	119	19	7	359	60	2
34
10	127	304	551	3	8	1492	13	17	11	213	9	463	6	4152	3	9	463	6	5351	3	9	463	34	5554	3	9	119	19	7	359	60	2	1
13
0	38	31	9	114	194	163	31	146	13	550	98	28
13
38	31	9	114	194	163	31	146	13	550	98	28	1
13
0	163	31	146	13	550	98	194	38	31	9	114	28
13
163	31	146	13	550	98	194	38	31	9	114	28	1
20
0	5	445	236	8	236	14	1624	41	6	113	3	33	108	434	10	127	304	551	2
20
5	445	236	8	236	14	1624	41	6	113	3	33	108	434	10	127	304	551	2	1
20
0	12	27	487	10	127	149	3	304	551	3	24	18	35	526	1774	3	304	551	2
20
12	27	487	10	127	149	3	304	551	3	24	18	35	526	1774	3	304	551	2	1
14
0	163	31	146	13	114	154	7	2949	38	23	19	49	28
14
163	31	146	13	114	154	7	2949	38	23	19	49	28	1
12
0	65	3	9	17	11	50	245	535	226	74	2
12
65	3	9	17	11	50	245	535	226	74	2	1
9
0	9	17	11	1141	535	226	74	2
9
9	17	11	1141	535	226	74	2	1
8
0	8	9	17	108	90	25	2
8
8	9	17	108	90	25	2	1
13
0	167	55	117	14	861	3	24	75	31	2455	1960	2
13
167	55	117	14	861	3	24	75	31	2455	1960	2	1
7
0	9	17	108	90	25	2
7
9	17	108	90	25	2	1
13
0	10	4419	501	146	30	1057	43	1057	1332	8	800	2
13
10	4419	501	146	30	1057	43	1057	1332	8	800	2	1
4
0	26	800	2
4
26	800	2	1
7
0	5	101	5	1229	135	2
7
5	101	5	1229	135	2	1
23
0	76	221	55	135	3	2588	135	221	6	5594	125	524	15	26	207	3	15	127	36	19	298	2
23
76	221	55	135	3	2588	135	221	6	5594	125	524	15	26	207	3	15	127	36	19	298	2	1
12
0	6	5266	81	2249	3	15	127	36	19	298	2
12
6	5266	81	2249	3	15	127	36	19	298	2	1
20
0	38	32	12	56	13	119	19	7	66	179	9	1377	146	205	15	74	35	113	2
20
38	32	12	56	13	119	19	7	66	179	9	1377	146	205	15	74	35	113	2	1
17
0	10	127	36	549	43	10	37	11	249	21	221	15	206	146	209	2
17
10	127	36	549	43	10	37	11	249	21	221	15	206	146	209	2	1
8
0	24	123	700	3	26	3485	2
8
24	123	700	3	26	3485	2	1
10
0	154	232	7	135	18	6	234	841	2
10
154	232	7	135	18	6	234	841	2	1
7
0	26	89	15	535	159	2
7
26	89	15	535	159	2	1
8
0	8	142	48	111	12	154	2
8
8	142	48	111	12	154	2	1
16
0	15	535	3	425	14	55	11	2185	15	501	146	422	6	143	2
16
15	535	3	425	14	55	11	2185	15	501	146	422	6	143	2	1
28
0	5	27	87	14	170	256	194	13	53	10	74	7	6	5911	575	3	13	79	2851	3	2851	5	501	146	422	10	2
28
5	27	87	14	170	256	194	13	53	10	74	7	6	5911	575	3	13	79	2851	3	2851	5	501	146	422	10	2	1
15
0	93	11	3670	15	501	146	3158	6	5151	7	116	6	2141	2
15
93	11	3670	15	501	146	3158	6	5151	7	116	6	2141	2	1
8
0	8	70	31	87	14	60	2
8
8	70	31	87	14	60	2	1
15
0	235	25	31	55	15	194	5	101	235	25	31	55	15	2
15
235	25	31	55	15	194	5	101	235	25	31	55	15	2	1
25
0	12	501	146	186	210	334	907	3	2715	171	5	56	35	535	23	1681	7	116	107	906	11	800	147	2
25
12	501	146	186	210	334	907	3	2715	171	5	56	35	535	23	1681	7	116	107	906	11	800	147	2	1
5
0	5	96	32	2
5
5	96	32	2	1
28
0	5	56	906	220	100	17	78	11	102	1355	58	107	6	58	15	127	226	74	3	152	23	695	7	66	24	347	2
28
5	56	906	220	100	17	78	11	102	1355	58	107	6	58	15	127	226	74	3	152	23	695	7	66	24	347	2	1
8
0	22	12	501	146	17	791	2
8
22	12	501	146	17	791	2	1
4
0	26	3485	2
4
26	3485	2	1
7
0	12	501	146	17	460	2
7
12	501	146	17	460	2	1
10
0	6	234	130	9	160	23	334	460	2
10
6	234	130	9	160	23	334	460	2	1
24
0	65	5	207	15	524	50	768	3	8	65	183	58	373	6	234	130	221	12	27	13	4774	10	2
24
65	5	207	15	524	50	768	3	8	65	183	58	373	6	234	130	221	12	27	13	4774	10	2	1
16
0	5	506	30	5032	14	5437	6	524	194	15	127	6	169	130	2
16
5	506	30	5032	14	5437	6	524	194	15	127	6	169	130	2	1
6
0	24	5	44	10	2
6
24	5	44	10	2	1
15
0	5	37	6	58	15	44	10	191	3	8	5	101	10	2
15
5	37	6	58	15	44	10	191	3	8	5	101	10	2	1
10
0	6	234	130	9	160	23	334	460	2
10
6	234	130	9	160	23	334	460	2	1
30
0	65	3	26	127	293	18	670	14	367	607	194	15	127	11	315	3	15	127	169	3	10	188	30	1010	8	41	14	15	2
30
65	3	26	127	293	18	670	14	367	607	194	15	127	11	315	3	15	127	169	3	10	188	30	1010	8	41	14	15	2	1
11
0	24	26	127	293	18	670	14	367	607	2
11
24	26	127	293	18	670	14	367	607	2	1
10
0	26	127	50	3	50	1004	49	246	2
10
26	127	50	3	50	1004	49	246	2	1
14
0	32	146	482	221	192	185	524	221	13	131	33	121	2
14
32	146	482	221	192	185	524	221	13	131	33	121	2	1
6
0	5	66	3	38	28
6
5	66	3	38	28	1
5
0	131	33	121	28
5
131	33	121	28	1
14
0	12	303	85	75	25	226	3	741	14	60	31	2743	2
14
12	303	85	75	25	226	3	741	14	60	31	2743	2	1
7
0	13	119	226	33	121	28
7
13	119	226	33	121	28	1
17
0	13	119	226	33	11	84	14	118	517	3	8	10	127	36	121	2
17
13	119	226	33	11	84	14	118	517	3	8	10	127	36	121	2	1
17
0	8	72	26	1761	3	12	85	7	192	185	1864	96	282	98	220	2
17
8	72	26	1761	3	12	85	7	192	185	1864	96	282	98	220	2	1
15
0	5	37	110	11	126	1221	3	24	185	1864	282	98	220	2
15
5	37	110	11	126	1221	3	24	185	1864	282	98	220	2	1
36
0	2715	3340	2733	226	490	95	81	6	1042	161	36	17	159	6	535	43	10	37	19	22	474	8	6	508	37	63	439	18	4953	15	234	361	14	407	2
36
2715	3340	2733	226	490	95	81	6	1042	161	36	17	159	6	535	43	10	37	19	22	474	8	6	508	37	63	439	18	4953	15	234	361	14	407	2	1
8
0	8	115	26	4929	1228	2605	2
8
8	115	26	4929	1228	2605	2	1
7
0	8	470	244	1228	2605	2
7
8	470	244	1228	2605	2	1
15
0	8	1228	2605	1612	1306	382	18	11	3137	1414	15	167	1280	2
15
8	1228	2605	1612	1306	382	18	11	3137	1414	15	167	1280	2	1
9
0	22	12	501	146	17	470	460	2
9
22	12	501	146	17	470	460	2	1
18
0	8	26	127	19	7	411	3089	81	15	194	26	127	36	19	7	116	2
18
8	26	127	19	7	411	3089	81	15	194	26	127	36	19	7	116	2	1
13
0	22	1057	8	221	12	63	501	146	17	170	195	2
13
22	1057	8	221	12	63	501	146	17	170	195	2	1
5
0	15	127	10	2
5
15	127	10	2	1
5
0	15	127	10	2
5
15	127	10	2	1
6
0	10	127	22	626	2
6
10	127	22	626	2	1
23
0	22	63	18	5641	74	8	5	63	740	11	496	14	75	187	813	166	43	10	127	50	245	2
23
22	63	18	5641	74	8	5	63	740	11	496	14	75	187	813	166	43	10	127	50	245	2	1
35
0	8	5	465	75	1854	3	8	73	6	99	5	56	196	147	954	15	1761	188	36	30	476	7	242	11	3693	3	43	9	85	58	15	2709	1854	2
35
8	5	465	75	1854	3	8	73	6	99	5	56	196	147	954	15	1761	188	36	30	476	7	242	11	3693	3	43	9	85	58	15	2709	1854	2	1
14
0	8	25	66	3	179	26	23	22	1680	49	185	1344	2
14
8	25	66	3	179	26	23	22	1680	49	185	1344	2	1
6
0	26	23	2034	10	2
6
26	23	2034	10	2	1
8
0	5	101	186	48	11	1085	2
8
5	101	186	48	11	1085	2	1
5
0	257	23	509	2
5
257	23	509	2	1
24
0	12	32	146	96	3311	6	5292	14	11	396	93	11	414	735	13	54	53	74	49	870	8	165	2
24
12	32	146	96	3311	6	5292	14	11	396	93	11	414	735	13	54	53	74	49	870	8	165	2	1
15
0	8	15	127	38	9	1383	74	247	221	6	2460	14	1854	2
15
8	15	127	38	9	1383	74	247	221	6	2460	14	1854	2	1
46
0	24	3	22	72	5	76	62	75	129	106	5	66	12	27	38	3	10	127	22	102	1355	3	10	100	30	22	184	3	63	2758	3	3895	3	2758	3	3895	3	2758	3	963	3	963	3	963	2
46
24	3	22	72	5	76	62	75	129	106	5	66	12	27	38	3	10	127	22	102	1355	3	10	100	30	22	184	3	63	2758	3	3895	3	2758	3	3895	3	2758	3	963	3	963	3	963	2	1
19
0	71	366	3	53	276	870	3	133	2933	3343	8	15	127	6	285	14	15	2
19
71	366	3	53	276	870	3	133	2933	3343	8	15	127	6	285	14	15	2	1
11
0	24	9	17	7	32	154	52	75	1854	2
11
24	9	17	7	32	154	52	75	1854	2	1
14
0	24	18	433	62	75	3762	221	5	413	92	189	329	2
14
24	18	433	62	75	3762	221	5	413	92	189	329	2	1
7
0	8	12	506	109	15	2
7
8	12	506	109	15	2	1
9
0	92	189	329	194	11	394	329	2
9
92	189	329	194	11	394	329	2	1
15
0	5	3049	236	14	25	8	5	121	114	38	5	370	114	2
15
5	3049	236	14	25	8	5	121	114	38	5	370	114	2	1
30
0	8	18	11	520	99	3	5	1094	5	145	146	114	35	3	24	34	64	23	18	275	804	8	100	30	22	420	7	1126	2
30
8	18	11	520	99	3	5	1094	5	145	146	114	35	3	24	34	64	23	18	275	804	8	100	30	22	420	7	1126	2	1
7
0	9	17	275	51	1315	2
7
9	17	275	51	1315	2	1
18
0	22	59	5	199	33	147	8	59	5	116	3	5	100	293	2096	18	362
18
22	59	5	199	33	147	8	59	5	116	3	5	100	293	2096	18	362	1
4
0	1886	155	194
4
1886	155	194	1
16
0	4184	262	8	1859	6	493	902	221	8	12	17	7	32	15	194
16
4184	262	8	1859	6	493	902	221	8	12	17	7	32	15	194	1
14
0	2136	6	574	620	221	22	245	3	17	7	32	10	194
14
2136	6	574	620	221	22	245	3	17	7	32	10	194	1
13
0	3882	34	1770	271	221	8	5	101	1922	3882	10	194
13
3882	34	1770	271	221	8	5	101	1922	3882	10	194	1
9
0	1859	478	691	18	254	8	2191	194
9
1859	478	691	18	254	8	2191	194	1
51
0	2546	669	321	3	851	8	2190	3	515	1842	10	166	7	6	5100	43	10	127	36	549	7	25	15	17	78	550	33	120	273	635	8	118	25	8	10	127	36	549	7	931	25	226	74	3	8	9	54	32	10	194
51
2546	669	321	3	851	8	2190	3	515	1842	10	166	7	6	5100	43	10	127	36	549	7	25	15	17	78	550	33	120	273	635	8	118	25	8	10	127	36	549	7	931	25	226	74	3	8	9	54	32	10	194	1
28
0	2474	382	8	5087	10	39	154	353	173	33	6	25	3	8	353	408	1327	3	585	33	6	25	8	33	6	64	2
28
2474	382	8	5087	10	39	154	353	173	33	6	25	3	8	353	408	1327	3	585	33	6	25	8	33	6	64	2	1
15
0	8	134	48	70	31	1191	15	31	22	102	173	33	133	2
15
8	134	48	70	31	1191	15	31	22	102	173	33	133	2	1
7
0	8	133	54	30	2984	2
7
8	133	54	30	2984	2	1
12
0	5	370	36	200	376	5481	14	6	25	69	2
12
5	370	36	200	376	5481	14	6	25	69	2	1
14
0	133	54	30	6013	221	35	530	23	63	11	2320	315	2
14
133	54	30	6013	221	35	530	23	63	11	2320	315	2	1
4
0	167	449	2
4
167	449	2	1
17
0	97	169	97	6	2322	37	3	35	23	112	169	6	530	1661	23	194
17
97	169	97	6	2322	37	3	35	23	112	169	6	530	1661	23	194	1
19
0	2192	34	64	127	816	3	34	760	3	34	927	3	34	1597	3	34	916	2
19
2192	34	64	127	816	3	34	760	3	34	927	3	34	1597	3	34	916	2	1
15
0	8	15	3	5	54	111	12	3	167	23	422	7	117	2
15
8	15	3	5	54	111	12	3	167	23	422	7	117	2	1
11
0	5	63	85	6	283	793	18	908	153	2
11
5	63	85	6	283	793	18	908	153	2	1
16
0	5	370	284	3	152	23	425	14	553	3	56	14	35	58	2
16
5	370	284	3	152	23	425	14	553	3	56	14	35	58	2	1
29
0	5	370	284	58	14	6	51	2783	14	6	138	49	825	1054	3	67	1069	6	709	646	3	782	6	709	646	8	1463	2
29
5	370	284	58	14	6	51	2783	14	6	138	49	825	1054	3	67	1069	6	709	646	3	782	6	709	646	8	1463	2	1
18
0	67	49	5052	221	6	518	1611	419	1620	3	8	5	85	10	81	220	2
18
67	49	5052	221	6	518	1611	419	1620	3	8	5	85	10	81	220	2	1
6
0	32	12	134	15	28
6
32	12	134	15	28	1
6
0	8	133	244	10	2
6
8	133	244	10	2	1
10
0	22	3	5	501	146	134	10	823	2
10
22	3	5	501	146	134	10	823	2	1
9
0	24	10	127	19	7	30	726	194
9
24	10	127	19	7	30	726	194	1
7
0	8	22	87	118	129	2
7
8	22	87	118	129	2	1
14
0	5	27	38	882	7	30	168	7	91	153	51	128	2
14
5	27	38	882	7	30	168	7	91	153	51	128	2	1
9
0	9	54	91	35	64	51	128	2
9
9	54	91	35	64	51	128	2	1
6
0	6	1315	23	2129	2
6
6	1315	23	2129	2	1
17
0	8	5	288	630	562	14	355	33	147	43	5	54	32	6	231	2
17
8	5	288	630	562	14	355	33	147	43	5	54	32	6	231	2	1
7
0	136	12	41	50	102	2
7
136	12	41	50	102	2	1
4
0	136	12	2
4
136	12	2	1
4
0	136	12	2
4
136	12	2	1
4
0	136	12	2
4
136	12	2	1
4
0	136	12	2
4
136	12	2	1
8
0	136	12	50	102	3	133	2
8
136	12	50	102	3	133	2	1
4
0	136	12	2
4
136	12	2	1
3
0	312	2
3
312	2	1
4
0	136	12	2
4
136	12	2	1
3
0	387	572
3
387	572	1
27
0	136	12	33	6	1646	7	639	7	12	3	8	136	12	7	6	887	33	986	653	33	4653	48	39	35	4705	2
27
136	12	33	6	1646	7	639	7	12	3	8	136	12	7	6	887	33	986	653	33	4653	48	39	35	4705	2	1
8
0	10	781	23	11	51	544	2
8
10	781	23	11	51	544	2	1
37
0	5	4	162	55	7	165	286	52	112	7	1090	11	178	378	358	1558	33	34	64	3	58	15	5429	4790	39	2377	3	4762	39	2471	3	8	1892	39	828	2
37
5	4	162	55	7	165	286	52	112	7	1090	11	178	378	358	1558	33	34	64	3	58	15	5429	4790	39	2377	3	4762	39	2471	3	8	1892	39	828	2	1
16
0	10	4	16	113	7	2790	6	4232	276	153	4	16	378	358	2
16
10	4	16	113	7	2790	6	4232	276	153	4	16	378	358	2	1
22
0	10	4	16	113	7	2857	178	5283	8	178	4823	150	6	2978	3	154	9	17	7	32	2
22
10	4	16	113	7	2857	178	5283	8	178	4823	150	6	2978	3	154	9	17	7	32	2	1
16
0	6	1558	5	61	5257	286	61	248	1226	98	7	11	6004	3523	2
16
6	1558	5	61	5257	286	61	248	1226	98	7	11	6004	3523	2	1
20
0	88	378	358	61	228	204	6	452	14	6	270	25	8	270	321	1084	41	252	2
20
88	378	358	61	228	204	6	452	14	6	270	25	8	270	321	1084	41	252	2	1
7
0	10	94	7	30	191	2
7
10	94	7	30	191	2	1
5
0	94	7	30	2
5
94	7	30	2	1
15
0	15	61	30	6	1576	14	183	364	1414	15	5	61	91	2
15
15	61	30	6	1576	14	183	364	1414	15	5	61	91	2	1
14
0	153	191	61	30	6	863	8	4877	1184	14	88	440	2
14
153	191	61	30	6	863	8	4877	1184	14	88	440	2	1
17
0	24	7	3639	34	1550	1106	3	9	319	191	5924	105	11	76	95	2
17
24	7	3639	34	1550	1106	3	9	319	191	5924	105	11	76	95	2	1
10
0	9	17	11	84	7	30	483	14	2
10
9	17	11	84	7	30	483	14	2	1
9
0	18	6	4525	9	1032	6	138	2
9
18	6	4525	9	1032	6	138	2	1
12
0	6	351	2963	512	95	6	6074	8	3495	4562	2
12
6	351	2963	512	95	6	6074	8	3495	4562	2	1
8
0	115	9	1032	6	138	128	2
8
115	9	1032	6	138	128	2	1
9
0	35	113	3	81	5980	8	2873	2
9
35	113	3	81	5980	8	2873	2	1
19
0	6	806	489	2618	33	1067	24	3	557	38	3	9	159	8	9	159	126	2
19
6	806	489	2618	33	1067	24	3	557	38	3	9	159	8	9	159	126	2	1
30
0	548	8	545	461	429	85	392	5403	7	5576	6	555	14	147	2306	3	34	51	147	3	72	26	44	3	2533	166	35	164	2
30
548	8	545	461	429	85	392	5403	7	5576	6	555	14	147	2306	3	34	51	147	3	72	26	44	3	2533	166	35	164	2	1
9
0	307	61	36	482	38	26	122	2
9
307	61	36	482	38	26	122	2	1
8
0	11	50	332	396	8	147	2
8
11	50	332	396	8	147	2	1
15
0	2930	3	229	6	806	489	34	378	358	4919	474	276	861	2
15
2930	3	229	6	806	489	34	378	358	4919	474	276	861	2	1
13
0	9	800	7	1090	11	178	1587	33	11	178	113	2
13
9	800	7	1090	11	178	1587	33	11	178	113	2	1
20
0	18	289	3	97	113	237	49	3	34	378	358	1641	7	91	408	8	408	507	2
20
18	289	3	97	113	237	49	3	34	378	358	1641	7	91	408	8	408	507	2	1
19
0	4065	37	1660	39	4530	8	3616	3	152	1598	7	58	378	358	315	229	334	2
19
4065	37	1660	39	4530	8	3616	3	152	1598	7	58	378	358	315	229	334	2	1
8
0	13	63	1086	226	8	226	2
8
13	63	1086	226	8	226	2	1
24
0	9	237	81	1693	18	310	7	3918	7	1116	3	7	147	220	4	16	575	18	6	2901	18	600	2
24
9	237	81	1693	18	310	7	3918	7	1116	3	7	147	220	4	16	575	18	6	2901	18	600	2	1
25
0	764	14	75	1688	17	989	7	1618	6	1338	150	1892	8	282	262	6	1979	10	882	7	911	8	3202	2
25
764	14	75	1688	17	989	7	1618	6	1338	150	1892	8	282	262	6	1979	10	882	7	911	8	3202	2	1
4
0	50	169	2
4
50	169	2	1
29
0	10	41	1641	39	11	1000	647	15	9	161	91	1674	4075	69	14	268	15	89	71	1188	93	452	18	1765	11	1674	1838	2
29
10	41	1641	39	11	1000	647	15	9	161	91	1674	4075	69	14	268	15	89	71	1188	93	452	18	1765	11	1674	1838	2	1
17
0	9	2544	74	38	2466	13	89	8	115	145	1288	62	38	9	2314	2
17
9	2544	74	38	2466	13	89	8	115	145	1288	62	38	9	2314	2	1
21
0	3785	489	3	1983	4007	3	236	14	454	8	63	471	30	635	3	635	3	635	1967	2
21
3785	489	3	1983	4007	3	236	14	454	8	63	471	30	635	3	635	3	635	1967	2	1
4
0	2730	1967	2
4
2730	1967	2	1
11
0	87	832	14	274	145	410	97	11	1128	2
11
87	832	14	274	145	410	97	11	1128	2	1
10
0	6	4211	37	871	15	262	100	2041	2
10
6	4211	37	871	15	262	100	2041	2	1
19
0	254	3	243	3	100	1462	18	8	2041	15	5059	102	7	120	96	4004	2859	2
19
254	3	243	3	100	1462	18	8	2041	15	5059	102	7	120	96	4004	2859	2	1
13
0	13	17	4708	22	102	3	22	3697	3	33	98	2
13
13	17	4708	22	102	3	22	3697	3	33	98	2	1
11
0	34	378	358	23	11	1208	8	406	315	2
11
34	378	358	23	11	1208	8	406	315	2	1
4
0	71	1587	2
4
71	1587	2	1
4
0	71	2377	2
4
71	2377	2	1
4
0	71	1558	2
4
71	1558	2	1
4
0	71	2471	2
4
71	2471	2	1
14
0	286	5	47	7	3539	363	2342	5958	18	34	378	358	2
14
286	5	47	7	3539	363	2342	5958	18	34	378	358	2	1
10
0	191	3	34	2168	31	293	103	5318	2
10
191	3	34	2168	31	293	103	5318	2	1
12
0	147	220	94	3310	34	219	73	3796	34	508	2
12
147	220	94	3310	34	219	73	3796	34	508	2	1
24
0	26	4	16	2426	98	39	3282	558	3	416	713	3	808	854	3	11	1265	148	620	8	634	472	2
24
26	4	16	2426	98	39	3282	558	3	416	713	3	808	854	3	11	1265	148	620	8	634	472	2	1
17
0	34	596	148	620	39	6	138	23	65	4318	83	360	277	11	251	2
17
34	596	148	620	39	6	138	23	65	4318	83	360	277	11	251	2	1
12
0	9	4	20	1614	118	268	409	3796	34	426	2
12
9	4	20	1614	118	268	409	3796	34	426	2	1
30
0	2313	6	1828	14	270	155	61	186	98	2168	9	160	7	839	34	219	3	152	94	7	158	8	5581	34	928	2413	8	717	2
30
2313	6	1828	14	270	155	61	186	98	2168	9	160	7	839	34	219	3	152	94	7	158	8	5581	34	928	2413	8	717	2	1
20
0	5	288	6	175	201	355	33	6	1713	86	1468	35	8	35	23	11	630	213	2
20
5	288	6	175	201	355	33	6	1713	86	1468	35	8	35	23	11	630	213	2	1
29
0	5	4	45	6	175	58	68	134	48	3	5	27	60	41	3	5	4	45	6	175	58	86	449	112	7	1126	10	2
29
5	4	45	6	175	58	68	134	48	3	5	27	60	41	3	5	4	45	6	175	58	86	449	112	7	1126	10	2	1
24
0	2738	3	34	789	31	36	550	120	549	1654	3	8	5	4	57	78	198	52	35	649	11	84	2
24
2738	3	34	789	31	36	550	120	549	1654	3	8	5	4	57	78	198	52	35	649	11	84	2	1
26
0	34	789	319	4509	1628	120	928	3	459	3	8	1167	714	3	17	7	32	10	3	14	34	217	321	1642	2
26
34	789	319	4509	1628	120	928	3	459	3	8	1167	714	3	17	7	32	10	3	14	34	217	321	1642	2	1
11
0	24	87	14	60	31	2842	36	114	22	2
11
24	87	14	60	31	2842	36	114	22	2	1
22
0	13	76	62	6	202	182	97	1004	8	5961	8	458	71	2660	7	544	120	1571	39	98	2
22
13	76	62	6	202	182	97	1004	8	5961	8	458	71	2660	7	544	120	1571	39	98	2	1
29
0	18	845	3	33	1234	3	175	1045	14	1406	118	2994	268	3082	153	3	31	558	6	3623	4901	572	390	14	2156	49	1268	2
29
18	845	3	33	1234	3	175	1045	14	1406	118	2994	268	3082	153	3	31	558	6	3623	4901	572	390	14	2156	49	1268	2	1
32
0	9	17	388	832	14	274	103	113	49	1540	3	1461	3	794	3	775	3	284	74	34	219	7	1964	11	300	1268	33	1896	8	2740	2
32
9	17	388	832	14	274	103	113	49	1540	3	1461	3	794	3	775	3	284	74	34	219	7	1964	11	300	1268	33	1896	8	2740	2	1
31
0	6	268	9	31	1750	319	225	33	6	640	14	35	1268	3	8	59	36	3	6	1166	319	30	1541	7	142	75	268	1668	915	2
31
6	268	9	31	1750	319	225	33	6	640	14	35	1268	3	8	59	36	3	6	1166	319	30	1541	7	142	75	268	1668	915	2	1
6
0	9	17	71	519	2
6
9	17	71	519	2	1
21
0	6	273	138	61	30	2052	59	34	789	32	120	732	7	324	34	367	1268	8	321	2
21
6	273	138	61	30	2052	59	34	789	32	120	732	7	324	34	367	1268	8	321	2	1
20
0	11	117	440	61	855	11	513	138	15	23	995	2913	8	2537	3	8	2537	1942	2
20
11	117	440	61	855	11	513	138	15	23	995	2913	8	2537	3	8	2537	1942	2	1
17
0	4359	3	34	398	31	847	7	56	13	54	4	21	3559	49	98	2
17
4359	3	34	398	31	847	7	56	13	54	4	21	3559	49	98	2	1
32
0	9	4	57	89	11	147	86	3127	34	398	8	5884	7	34	1065	3	154	15	9	4	57	110	222	197	18	6	307	14	34	64	2
32
9	4	57	89	11	147	86	3127	34	398	8	5884	7	34	1065	3	154	15	9	4	57	110	222	197	18	6	307	14	34	64	2	1
24
0	26	1667	11	1821	143	39	254	3	8	115	9	573	60	4261	384	521	104	197	6	3246	37	3497	2
24
26	1667	11	1821	143	39	254	3	8	115	9	573	60	4261	384	521	104	197	6	3246	37	3497	2	1
17
0	254	54	36	30	476	7	17	11	478	1670	3	54	36	30	476	2
17
254	54	36	30	476	7	17	11	478	1670	3	54	36	30	476	2	1
14
0	192	15	3	54	36	30	476	7	17	11	478	1670	2
14
192	15	3	54	36	30	476	7	17	11	478	1670	2	1
19
0	8	491	11	117	440	3	61	110	3	141	30	476	7	17	15	478	1670	2
19
8	491	11	117	440	3	61	110	3	141	30	476	7	17	15	478	1670	2	1
31
0	41	14	35	515	104	3778	6	6142	14	6	202	182	39	254	4	16	1778	14	34	3859	5894	3542	68	22	4586	5	192	15	240	2
31
41	14	35	515	104	3778	6	6142	14	6	202	182	39	254	4	16	1778	14	34	3859	5894	3542	68	22	4586	5	192	15	240	2	1
11
0	18	1033	3	12	319	30	1544	7	773	2
11
18	1033	3	12	319	30	1544	7	773	2	1
25
0	6	254	143	3	55	22	87	14	34	296	1571	3	23	6	1128	14	36	208	1544	7	376	6	1016	2
25
6	254	143	3	55	22	87	14	34	296	1571	3	23	6	1128	14	36	208	1544	7	376	6	1016	2	1
28
0	72	6	118	602	449	12	4	20	36	19	7	773	3	10	2723	439	836	7	116	68	12	63	54	4	21	116	2
28
72	6	118	602	449	12	4	20	36	19	7	773	3	10	2723	439	836	7	116	68	12	63	54	4	21	116	2	1
24
0	62	6	291	113	3	140	398	160	7	27	15	12	61	3864	73	6	1571	15	12	17	39	60	2
24
62	6	291	113	3	140	398	160	7	27	15	12	61	3864	73	6	1571	15	12	17	39	60	2	1
23
0	12	4	57	207	15	868	3	12	17	7	631	73	10	8	6	138	61	30	11	173	215	2
23
12	4	57	207	15	868	3	12	17	7	631	73	10	8	6	138	61	30	11	173	215	2	1
22
0	147	220	6161	34	3433	1268	1875	8	115	3949	34	3433	1268	1191	39	4867	8	6	4090	4107	2
22
147	220	6161	34	3433	1268	1875	8	115	3949	34	3433	1268	1191	39	4867	8	6	4090	4107	2	1
33
0	26	1490	6	4840	14	11	1793	1679	18	3918	15	89	11	4377	828	3760	39	278	3	8	115	989	205	6	1088	4240	7	462	18	384	215	2
33
26	1490	6	4840	14	11	1793	1679	18	3918	15	89	11	4377	828	3760	39	278	3	8	115	989	205	6	1088	4240	7	462	18	384	215	2	1
28
0	278	3	34	51	357	8	6	58	347	1838	18	6	339	428	94	78	6024	8	1431	73	92	440	15	2253	3499	4028	2
28
278	3	34	51	357	8	6	58	347	1838	18	6	339	428	94	78	6024	8	1431	73	92	440	15	2253	3499	4028	2	1
32
0	63	11	496	295	177	3	2478	147	3129	128	1431	278	3	11	751	33	1228	8	828	3	33	3857	97	92	6064	828	988	18	6	1338	2
32
63	11	496	295	177	3	2478	147	3129	128	1431	278	3	11	751	33	1228	8	828	3	33	3857	97	92	6064	828	988	18	6	1338	2	1
11
0	147	220	94	36	78	11	357	7	278	2
11
147	220	94	36	78	11	357	7	278	2	1
17
0	26	94	455	254	39	1659	121	8	180	8	207	10	11	51	462	2
17
26	94	455	254	39	1659	121	8	180	8	207	10	11	51	462	2	1
29
0	254	94	3	1493	3	444	11	51	3	51	462	18	63	11	50	1343	608	14	113	3	43	14	38	9	4	57	168	2
29
254	94	3	1493	3	444	11	51	3	51	462	18	63	11	50	1343	608	14	113	3	43	14	38	9	4	57	168	2	1
27
0	41	14	6	1858	8	41	62	6	1858	14	278	3	34	789	18	6	1338	8	50	700	3	6	202	182	1661	2
27
41	14	6	1858	8	41	62	6	1858	14	278	3	34	789	18	6	1338	8	50	700	3	6	202	182	1661	2	1
23
0	9	4	57	2000	2572	39	34	4518	398	3	8	65	13	4	20	1171	7	76	2191	33	393	2
23
9	4	57	2000	2572	39	34	4518	398	3	8	65	13	4	20	1171	7	76	2191	33	393	2	1
4
0	192	15	2
4
192	15	2	1
4
0	36	90	2
4
36	90	2	1
10
0	2432	3	34	3650	71	708	423	98	2
10
2432	3	34	3650	71	708	423	98	2	1
30
0	18	289	3	13	4	20	63	97	5248	97	34	789	3	24	18	92	104	567	213	23	13	40	4	21	105	98	1922	264	2
30
18	289	3	13	4	20	63	97	5248	97	34	789	3	24	18	92	104	567	213	23	13	40	4	21	105	98	1922	264	2	1
11
0	6	938	23	13	40	4	21	423	98	2
11
6	938	23	13	40	4	21	423	98	2	1
23
0	72	147	220	5367	18	3808	49	683	751	58	3	71	925	37	70	3	167	3	7	4550	135	2
23
72	147	220	5367	18	3808	49	683	751	58	3	71	925	37	70	3	167	3	7	4550	135	2	1
17
0	1012	92	4323	515	4647	18	6	249	8	3534	307	14	683	751	58	2
17
1012	92	4323	515	4647	18	6	249	8	3534	307	14	683	751	58	2	1
12
0	115	2331	3	6	291	130	232	18	731	736	2
12
115	2331	3	6	291	130	232	18	731	736	2	1
8
0	10	4	16	311	71	423	2
8
10	4	16	311	71	423	2	1
5
0	439	71	423	2
5
439	71	423	2	1
46
0	32	12	192	72	6	147	207	11	249	8	1327	3791	7	5487	3	2238	3	7	53	6	5149	33	34	64	3	8	229	35	3960	3565	3	10	37	586	15	6	202	182	176	18	2432	68	2432	215	28
46
32	12	192	72	6	147	207	11	249	8	1327	3791	7	5487	3	2238	3	7	53	6	5149	33	34	64	3	8	229	35	3960	3565	3	10	37	586	15	6	202	182	176	18	2432	68	2432	215	28	1
18
0	6	147	14	6	202	182	337	35	3791	68	3960	68	446	18	2432	215	2
18
6	147	14	6	202	182	337	35	3791	68	3960	68	446	18	2432	215	2	1
14
0	26	188	17	1052	6	1128	197	337	275	92	3867	1479	2
14
26	188	17	1052	6	1128	197	337	275	92	3867	1479	2	1
19
0	9	145	1856	62	41	103	6	138	3	97	9	17	78	87	3	87	349	2
19
9	145	1856	62	41	103	6	138	3	97	9	17	78	87	3	87	349	2	1
12
0	6	1876	14	5969	79	49	8	49	8	49	2
12
6	1876	14	5969	79	49	8	49	8	49	2	1
21
0	147	220	4234	4276	97	908	551	2711	384	3004	8	6205	1322	8	1322	39	384	478	2967	2
21
147	220	4234	4276	97	908	551	2711	384	3004	8	6205	1322	8	1322	39	384	478	2967	2	1
34
0	34	147	94	476	149	7	676	384	812	2023	49	270	155	8	1099	3	4542	7	1999	148	241	8	6080	2458	49	149	2734	7	3226	18	908	551	2
34
34	147	94	476	149	7	676	384	812	2023	49	270	155	8	1099	3	4542	7	1999	148	241	8	6080	2458	49	149	2734	7	3226	18	908	551	2	1
6
0	9	17	6	2458	2
6
9	17	6	2458	2	1
19
0	9	17	6	462	103	149	3	812	462	3	8	25	40	4	21	267	10	2
19
9	17	6	462	103	149	3	812	462	3	8	25	40	4	21	267	10	2	1
34
0	8	39	15	812	462	3	9	54	3226	18	8	9	54	53	60	7	32	38	13	17	7	32	39	908	551	3	152	23	293	69	14	643	2
34
8	39	15	812	462	3	9	54	3226	18	8	9	54	53	60	7	32	38	13	17	7	32	39	908	551	3	152	23	293	69	14	643	2	1
26
0	26	94	104	476	149	7	2636	560	2263	39	3800	1006	8	4203	18	3756	5740	255	6	202	182	8	384	318	2
26
26	94	104	476	149	7	2636	560	2263	39	3800	1006	8	4203	18	3756	5740	255	6	202	182	8	384	318	2	1
21
0	9	4	57	142	34	3650	8	4459	56	13	54	53	298	39	233	3	8	13	32	2
21
9	4	57	142	34	3650	8	4459	56	13	54	53	298	39	233	3	8	13	32	2	1
6
0	13	32	62	61	2
6
13	32	62	61	2	1
5
0	10	228	379	2
5
10	228	379	2	1
22
0	59	147	220	4	16	1564	89	78	7	4402	153	3	26	161	36	17	168	11	173	231	2
22
59	147	220	4	16	1564	89	78	7	4402	153	3	26	161	36	17	168	11	173	231	2	1
16
0	910	3	153	71	708	94	11	1786	4120	14	34	378	358	1895	2
16
910	3	153	71	708	94	11	1786	4120	14	34	378	358	1895	2	1
25
0	584	6	285	14	6	806	489	8	6	5497	14	6	3721	2517	3	9	4	57	4094	11	3293	378	358	2
25
584	6	285	14	6	806	489	8	6	5497	14	6	3721	2517	3	9	4	57	4094	11	3293	378	358	2	1
21
0	58	240	3	9	4	20	1484	1116	8	247	369	14	11	4735	7	4786	1838	33	2912	2
21
58	240	3	9	4	20	1484	1116	8	247	369	14	11	4735	7	4786	1838	33	2912	2	1
22
0	6	381	240	3	9	4	20	527	6	291	2912	5384	409	15	64	2933	8	439	2933	1333	2
22
6	381	240	3	9	4	20	527	6	291	2912	5384	409	15	64	2933	8	439	2933	1333	2	1
8
0	635	410	3	416	4071	410	2
8
635	410	3	416	4071	410	2	1
8
0	6	138	23	11	224	215	2
8
6	138	23	11	224	215	2	1
26
0	9	4	20	11	3640	432	3	24	6	3820	14	6	3183	3423	61	30	1806	3	5703	8	3930	3	11	690	2
26
9	4	20	11	3640	432	3	24	6	3820	14	6	3183	3423	61	30	1806	3	5703	8	3930	3	11	690	2	1
16
0	9	4	57	207	6	339	428	123	3905	8	4805	107	141	197	2
16
9	4	57	207	6	339	428	123	3905	8	4805	107	141	197	2	1
12
0	9	302	1002	1096	7	6045	2682	8	104	5745	2
12
9	302	1002	1096	7	6045	2682	8	104	5745	2	1
27
0	9	17	168	230	7	393	6	1002	3	230	3	8	9	188	228	30	2054	33	15	3	33	15	2958	14	1023	2
27
9	17	168	230	7	393	6	1002	3	230	3	8	9	188	228	30	2054	33	15	3	33	15	2958	14	1023	2	1
51
0	34	1688	18	310	3	1116	8	600	17	989	2727	262	3	8	9	4	20	18	11	489	255	368	671	3	24	147	220	159	4	21	104	494	6	801	3	8	735	12	494	6	801	3	12	61	110	141	1403	6	213	2
51
34	1688	18	310	3	1116	8	600	17	989	2727	262	3	8	9	4	20	18	11	489	255	368	671	3	24	147	220	159	4	21	104	494	6	801	3	8	735	12	494	6	801	3	12	61	110	141	1403	6	213	2	1
27
0	172	203	248	1567	7	66	6	555	368	671	3	104	97	80	4807	33	11	416	1124	18	1397	226	150	34	64	2
27
172	203	248	1567	7	66	6	555	368	671	3	104	97	80	4807	33	11	416	1124	18	1397	226	150	34	64	2	1
28
0	229	718	203	4	16	800	4767	18	1116	3	493	902	18	2058	313	166	34	4329	8	471	34	1790	8	323	2649	454	2
28
229	718	203	4	16	800	4767	18	1116	3	493	902	18	2058	313	166	34	4329	8	471	34	1790	8	323	2649	454	2	1
19
0	115	3	772	14	344	1263	15	400	3	172	203	1644	7	79	490	8	3741	2
19
115	3	772	14	344	1263	15	400	3	172	203	1644	7	79	490	8	3741	2	1
3
0	189	2
3
189	2	1
25
0	203	4605	10	41	49	11	4381	3	92	1621	15	37	11	406	842	3	1580	7	30	439	11	406	842	2
25
203	4605	10	41	49	11	4381	3	92	1621	15	37	11	406	842	3	1580	7	30	439	11	406	842	2	1
14
0	34	1790	37	2117	8	34	718	14	292	4089	6	432	2
14
34	1790	37	2117	8	34	718	14	292	4089	6	432	2	1
24
0	8	3	73	6	99	3	80	37	36	4328	7	105	15	279	62	987	2524	4	2163	18	6	754	2
24
8	3	73	6	99	3	80	37	36	4328	7	105	15	279	62	987	2524	4	2163	18	6	754	2	1
17
0	8	65	262	23	337	239	8	239	14	274	11	485	949	1116	316	2
17
8	65	262	23	337	239	8	239	14	274	11	485	949	1116	316	2	1
6
0	8	12	27	38	28
6
8	12	27	38	28	1
22
0	9	40	4	21	4247	3	9	40	4	21	1453	3	9	40	4	21	32	233	52	10	2
22
9	40	4	21	4247	3	9	40	4	21	1453	3	9	40	4	21	32	233	52	10	2	1
29
0	10	4	16	325	97	59	34	64	218	4	21	104	27	38	4	16	265	3	152	161	30	11	289	8	161	30	347	2
29
10	4	16	325	97	59	34	64	218	4	21	104	27	38	4	16	265	3	152	161	30	11	289	8	161	30	347	2	1
10
0	35	61	41	269	72	5	444	147	2
10
35	61	41	269	72	5	444	147	2	1
17
0	7	34	398	8	789	3	5	66	153	23	19	7	30	300	128	2
17
7	34	398	8	789	3	5	66	153	23	19	7	30	300	128	2	1
9
0	153	23	19	7	30	2495	128	2
9
153	23	19	7	30	2495	128	2	1
14
0	10	4	16	19	7	30	11	51	8	2495	2566	128	2
14
10	4	16	19	7	30	11	51	8	2495	2566	128	2	1
11
0	10	4	16	19	7	30	11	357	128	2
11
10	4	16	19	7	30	11	357	128	2	1
24
0	9	4	20	19	7	910	17	11	3293	378	358	843	2613	270	452	8	6	2233	452	14	34	789	2
24
9	4	20	19	7	910	17	11	3293	378	358	843	2613	270	452	8	6	2233	452	14	34	789	2	1
20
0	9	4	20	247	69	14	6	3005	263	8	772	4297	49	1886	2789	18	6	138	2
20
9	4	20	247	69	14	6	3005	263	8	772	4297	49	1886	2789	18	6	138	2	1
17
0	34	2209	14	351	717	176	72	769	1383	62	6	1555	4	16	3900	2
17
34	2209	14	351	717	176	72	769	1383	62	6	1555	4	16	3900	2	1
45
0	9	160	11	178	4699	270	378	358	3	3349	73	6	283	1797	8	1490	73	585	1731	3	8	10	61	30	73	585	1731	68	548	3	545	3	2476	3	133	3	97	124	97	73	34	422	789	2
45
9	160	11	178	4699	270	378	358	3	3349	73	6	283	1797	8	1490	73	585	1731	3	8	10	61	30	73	585	1731	68	548	3	545	3	2476	3	133	3	97	124	97	73	34	422	789	2	1
41
0	35	23	112	9	159	6	806	489	8	10	4	16	112	9	61	116	34	178	931	6093	3	152	523	30	87	3	152	523	30	1860	3	24	9	61	116	59	5	444	147	2
41
35	23	112	9	159	6	806	489	8	10	4	16	112	9	61	116	34	178	931	6093	3	152	523	30	87	3	152	523	30	1860	3	24	9	61	116	59	5	444	147	2	1
18
0	191	3	9	160	11	2182	530	7	4690	6	1764	8	2967	14	368	671	2
18
191	3	9	160	11	2182	530	7	4690	6	1764	8	2967	14	368	671	2	1
23
0	5719	6	1764	14	368	671	319	30	11	863	378	358	1564	14	6	202	182	8	1493	6	138	2
23
5719	6	1764	14	368	671	319	30	11	863	378	358	1564	14	6	202	182	8	1493	6	138	2	1
28
0	2445	523	2436	6	242	14	219	751	3	24	10	4	16	248	11	5665	2750	3	55	34	249	2750	18	6	806	489	2
28
2445	523	2436	6	242	14	219	751	3	24	10	4	16	248	11	5665	2750	3	55	34	249	2750	18	6	806	489	2	1
37
0	18	35	3	9	4	20	19	7	30	461	50	2179	39	34	789	18	6	1088	138	3	41	14	152	31	62	2405	81	368	493	1319	3	1006	8	257	252	2
37
18	35	3	9	4	20	19	7	30	461	50	2179	39	34	789	18	6	1088	138	3	41	14	152	31	62	2405	81	368	493	1319	3	1006	8	257	252	2	1
16
0	10	23	11	1000	138	3	123	1000	65	107	10	94	141	78	2
16
10	23	11	1000	138	3	123	1000	65	107	10	94	141	78	2	1
8
0	9	188	209	68	136	12	2
8
9	188	209	68	136	12	2	1
21
0	9	188	209	429	39	196	432	18	6	1338	15	23	2508	73	6	2406	14	368	671	2
21
9	188	209	429	39	196	432	18	6	1338	15	23	2508	73	6	2406	14	368	671	2	1
10
0	24	35	94	7	30	11	2142	689	2
10
24	35	94	7	30	11	2142	689	2	1
9
0	13	319	248	30	90	7	98	2
9
13	319	248	30	90	7	98	2	1
4
0	192	15	2
4
192	15	2	1
14
0	13	17	7	30	90	7	98	3	71	708	58	99	2
14
13	17	7	30	90	7	98	3	71	708	58	99	2	1
7
0	10	4	16	65	2142	2
7
10	4	16	65	2142	2	1
24
0	8	192	3	98	8	41	9	4	20	114	3	13	17	7	745	38	9	4	57	168	7	60	2
24
8	192	3	98	8	41	9	4	20	114	3	13	17	7	745	38	9	4	57	168	7	60	2	1
21
0	9	4	20	19	7	393	3	24	13	17	7	745	38	9	4	57	168	33	60	2
21
9	4	20	19	7	393	3	24	13	17	7	745	38	9	4	57	168	33	60	2	1
13
0	6	2750	255	368	671	248	621	215	18	34	2518	2
13
6	2750	255	368	671	248	621	215	18	34	2518	2	1
14
0	70	31	3313	14	1200	2235	976	34	472	1777	39	531	2
14
70	31	3313	14	1200	2235	976	34	472	1777	39	531	2	1
16
0	33	183	526	1052	7	6	958	3	70	31	1971	8	1971	123	2
16
33	183	526	1052	7	6	958	3	70	31	1971	8	1971	123	2	1
11
0	9	319	309	2818	5461	261	4748	246	932	2
11
9	319	309	2818	5461	261	4748	246	932	2	1
12
0	9	17	71	647	137	75	25	31	226	81	2
12
9	17	71	647	137	75	25	31	226	81	2	1
7
0	70	4	16	71	2256	2
7
70	4	16	71	2256	2	1
7
0	70	4	16	71	1902	2
7
70	4	16	71	1902	2	1
6
0	70	4	16	230	2
6
70	4	16	230	2	1
7
0	9	17	7	30	259	2
7
9	17	7	30	259	2	1
7
0	9	17	7	30	1566	2
7
9	17	7	30	1566	2	1
20
0	11	2606	33	4139	61	393	98	7	1582	6	381	742	1132	93	504	3	102	457	2
20
11	2606	33	4139	61	393	98	7	1582	6	381	742	1132	93	504	3	102	457	2	1
74
0	41	12	17	7	32	23	76	62	6	138	148	887	8	1443	1539	3	58	14	6	51	2276	3	18	88	802	3	6	364	351	219	1442	18	6	307	14	34	64	194	457	107	2564	2589	43	12	105	11	76	62	38	4	16	232	3	8	860	145	905	3	97	1718	7	6	219	208	905	68	58	14	6	347	51	2276	2
74
41	12	17	7	32	23	76	62	6	138	148	887	8	1443	1539	3	58	14	6	51	2276	3	18	88	802	3	6	364	351	219	1442	18	6	307	14	34	64	194	457	107	2564	2589	43	12	105	11	76	62	38	4	16	232	3	8	860	145	905	3	97	1718	7	6	219	208	905	68	58	14	6	347	51	2276	2	1
8
0	8	115	70	4	16	262	2
8
8	115	70	4	16	262	2	1
9
0	5	17	11	626	1036	33	60	2
9
5	17	11	626	1036	33	60	2	1
6
0	120	295	31	5567	2
6
120	295	31	5567	2	1
17
0	5	159	4	21	111	60	137	8	5	159	4	21	111	60	112	2
17
5	159	4	21	111	60	137	8	5	159	4	21	111	60	112	2	1
4
0	9	319	139
4
9	319	139	1
11
0	139	9	319	97	11	432	30	123	1271	2
11
139	9	319	97	11	432	30	123	1271	2	1
6
0	9	31	293	2510	2
6
9	31	293	2510	2	1
5
0	9	111	257	2
5
9	111	257	2	1
7
0	9	4	20	779	1630	2
7
9	4	20	779	1630	2	1
5
0	9	111	60	2
5
9	111	60	2	1
8
0	9	4	20	779	154	252	2
8
9	4	20	779	154	252	2	1
7
0	9	17	11	1005	1433	2
7
9	17	11	1005	1433	2	1
7
0	9	17	7	30	1271	2
7
9	17	7	30	1271	2	1
10
0	8	9	17	7	30	1271	1171	65	2
10
8	9	17	7	30	1271	1171	65	2	1
10
0	24	13	4	20	19	7	30	405	2
10
24	13	4	20	19	7	30	405	2	1
12
0	262	61	30	405	59	5	4	45	721	147	2
12
262	61	30	405	59	5	4	45	721	147	2	1
9
0	8	13	4	77	30	405	648	2
9
8	13	4	77	30	405	648	2	1
10
0	13	61	30	405	50	3	50	648	2
10
13	61	30	405	50	3	50	648	2	1
13
0	2738	3	9	17	7	839	34	219	8	34	508	2
13
2738	3	9	17	7	839	34	219	8	34	508	2	1
22
0	6	2483	8	1561	17	1285	2580	120	219	2679	3	24	76	62	38	4	16	232	7	98	2
22
6	2483	8	1561	17	1285	2580	120	219	2679	3	24	76	62	38	4	16	232	7	98	2	1
25
0	34	478	691	3382	3	34	2897	5341	3	94	78	476	7	4482	8	23	3383	18	160	14	5350	8	2272	2
25
34	478	691	3382	3	34	2897	5341	3	94	78	476	7	4482	8	23	3383	18	160	14	5350	8	2272	2	1
8
0	8	10	94	7	158	1015	2
8
8	10	94	7	158	1015	2	1
19
0	34	5075	5864	2913	2221	17	3245	81	572	156	18	4539	7	52	3937	156	286	2
19
34	5075	5864	2913	2221	17	3245	81	572	156	18	4539	7	52	3937	156	286	2	1
19
0	6	5104	94	3245	81	103	921	794	7	3980	794	662	35	291	608	14	113	2
19
6	5104	94	3245	81	103	921	794	7	3980	794	662	35	291	608	14	113	2	1
18
0	6	683	751	23	52	2332	2106	107	4067	3631	2775	5698	18	3939	3828	286	2
18
6	683	751	23	52	2332	2106	107	4067	3631	2775	5698	18	3939	3828	286	2	1
12
0	75	1540	31	3406	107	866	133	18	35	386	2
12
75	1540	31	3406	107	866	133	18	35	386	2	1
9
0	8	38	31	9	114	52	35	28
9
8	38	31	9	114	52	35	28	1
45
0	147	220	94	5728	11	4415	1268	574	15	18	299	274	3	1640	1526	666	390	81	38	9	145	558	18	5298	34	219	23	1881	8	9	4	20	982	34	1330	8	219	372	7	807	52	944	1273	2
45
147	220	94	5728	11	4415	1268	574	15	18	299	274	3	1640	1526	666	390	81	38	9	145	558	18	5298	34	219	23	1881	8	9	4	20	982	34	1330	8	219	372	7	807	52	944	1273	2	1
12
0	9	61	525	38	9	160	7	839	34	219	2
12
9	61	525	38	9	160	7	839	34	219	2	1
12
0	10	23	6	1426	3	364	4256	9	54	91	2
12
10	23	6	1426	3	364	4256	9	54	91	2	1
15
0	9	61	1090	3	212	8	3506	6	283	775	1052	7	3444	2
15
9	61	1090	3	212	8	3506	6	283	775	1052	7	3444	2	1
18
0	34	219	4681	319	30	3860	3	8	5	101	3860	3	73	253	8	133	2
18
34	219	4681	319	30	3860	3	8	5	101	3860	3	73	253	8	133	2	1
13
0	24	9	61	76	33	5725	8	525	34	82	2809	2
13
24	9	61	76	33	5725	8	525	34	82	2809	2	1
25
0	18	35	113	14	4196	713	3	67	65	9	17	22	102	713	15	167	104	449	112	7	1583	6	213	2
25
18	35	113	14	4196	713	3	67	65	9	17	22	102	713	15	167	104	449	112	7	1583	6	213	2	1
5
0	24	5	32	2
5
24	5	32	2	1
8
0	71	58	1652	54	30	1967	2
8
71	58	1652	54	30	1967	2	1
9
0	36	58	364	1652	54	9	682	2
9
36	58	364	1652	54	9	682	2	1
24
0	9	4	20	248	19	7	17	7	269	34	148	3	246	8	812	932	7	91	34	508	300	128	2
24
9	4	20	248	19	7	17	7	269	34	148	3	246	8	812	932	7	91	34	508	300	128	2	1
8
0	8	7	204	454	191	128	2
8
8	7	204	454	191	128	2	1
41
0	35	61	1556	15	34	426	672	3	67	106	18	153	3	53	6	155	8	974	225	15	61	911	34	314	4003	3	1124	34	812	609	97	11	432	3	91	98	300	1914	128	2
41
35	61	1556	15	34	426	672	3	67	106	18	153	3	53	6	155	8	974	225	15	61	911	34	314	4003	3	1124	34	812	609	97	11	432	3	91	98	300	1914	128	2	1
6
0	22	3	22	245	2
6
22	3	22	245	2	1
23
0	9	160	7	56	259	52	1420	137	34	5729	4213	3	8	167	446	422	3	1557	98	92	3900	2
23
9	160	7	56	259	52	1420	137	34	5729	4213	3	8	167	446	422	3	1557	98	92	3900	2	1
12
0	35	2451	5490	3072	3	5148	1196	8	3800	4430	2
12
35	2451	5490	3072	3	5148	1196	8	3800	4430	2	1
11
0	11	51	64	248	621	180	14	384	1207	2
11
11	51	64	248	621	180	14	384	1207	2	1
13
0	34	1479	7	60	23	1125	3	8	5	101	1125	2
13
34	1479	7	60	23	1125	3	8	5	101	1125	2	1
26
0	11	117	440	61	186	34	4532	8	497	6	283	775	8	324	18	6	138	72	13	2904	8	137	13	2904	2
26
11	117	440	61	186	34	4532	8	497	6	283	775	8	324	18	6	138	72	13	2904	8	137	13	2904	2	1
22
0	8	6	283	180	18	6	138	72	13	1226	97	317	8	13	131	95	490	7	3076	346	2
22
8	6	283	180	18	6	138	72	13	1226	97	317	8	13	131	95	490	7	3076	346	2	1
4
0	34	317	139
4
34	317	139	1
11
0	34	317	17	36	78	455	858	93	4296	2
11
34	317	17	36	78	455	858	93	4296	2	1
13
0	75	31	34	51	25	8	9	319	844	60	858	2
13
75	31	34	51	25	8	9	319	844	60	858	2	1
19
0	9	319	104	844	60	96	3	96	124	8	15	61	158	491	6	117	440	2
19
9	319	104	844	60	96	3	96	124	8	15	61	158	491	6	117	440	2	1
14
0	910	3	9	319	1090	11	378	358	843	49	270	452	2
14
910	3	9	319	1090	11	378	358	843	49	270	452	2	1
18
0	1102	32	36	2096	72	13	411	3172	14	120	607	452	8	3465	32	268	2
18
1102	32	36	2096	72	13	411	3172	14	120	607	452	8	3465	32	268	2	1
9
0	76	62	38	232	18	6	5194	2
9
76	62	38	232	18	6	5194	2	1
20
0	34	4684	18	5558	8	5682	68	8	35	37	11	301	113	33	98	68	145	905	2
20
34	4684	18	5558	8	5682	68	8	35	37	11	301	113	33	98	68	145	905	2	1
11
0	8	786	2649	3542	145	471	49	6	4370	2
11
8	786	2649	3542	145	471	49	6	4370	2	1
3
0	4688	2
3
4688	2	1
7
0	8	38	122	9	32	28
7
8	38	122	9	32	28	1
27
0	10	3188	9	204	123	3565	150	1973	149	150	6	138	148	1452	3	152	94	78	11	406	315	33	6	202	182	2
27
10	3188	9	204	123	3565	150	1973	149	150	6	138	148	1452	3	152	94	78	11	406	315	33	6	202	182	2	1
17
0	504	3	9	388	123	113	49	15	107	9	122	18	1859	1929	4047	2
17
504	3	9	388	123	113	49	15	107	9	122	18	1859	1929	4047	2	1
19
0	9	104	89	92	1646	7	105	69	4353	5453	4577	8	9	132	4	21	32	10
19
9	104	89	92	1646	7	105	69	4353	5453	4577	8	9	132	4	21	32	10	1
15
0	8	115	9	85	450	62	6	138	148	887	8	6	4888	2
15
8	115	9	85	450	62	6	138	148	887	8	6	4888	2	1
13
0	128	3	6	296	644	49	34	64	18	384	307	2
13
128	3	6	296	644	49	34	64	18	384	307	2	1
17
0	34	378	358	1895	319	30	843	49	153	4	16	607	986	321	452	2
17
34	378	358	1895	319	30	843	49	153	4	16	607	986	321	452	2	1
9
0	8	6	2278	61	30	88	5660	2
9
8	6	2278	61	30	88	5660	2	1
28
0	18	6	339	428	34	1895	319	30	3	8	5	101	319	30	3	7	1600	902	8	5912	3978	2789	3	36	368	269	2
28
18	6	339	428	34	1895	319	30	3	8	5	101	319	30	3	7	1600	902	8	5912	3978	2789	3	36	368	269	2	1
18
0	9	160	7	30	3996	52	6	448	15	61	110	30	233	118	107	1065	2
18
9	160	7	30	3996	52	6	448	15	61	110	30	233	118	107	1065	2	1
21
0	8	134	48	3	9	17	448	15	71	578	38	12	32	3	13	61	30	6	801	2
21
8	134	48	3	9	17	448	15	71	578	38	12	32	3	13	61	30	6	801	2	1
25
0	362	9	17	7	30	259	757	7	4508	86	170	448	31	3	86	170	25	31	3	8	36	393	60	2
25
362	9	17	7	30	259	757	7	4508	86	170	448	31	3	86	170	25	31	3	8	36	393	60	2	1
17
0	8	9	319	175	30	2210	7	170	15	4668	13	31	1493	34	398	2
17
8	9	319	175	30	2210	7	170	15	4668	13	31	1493	34	398	2	1
14
0	9	4086	7	532	5570	8	18	3868	39	994	8	149	2
14
9	4086	7	532	5570	8	18	3868	39	994	8	149	2	1
27
0	9	17	630	5754	39	75	195	1127	3	8	319	3852	60	39	634	2793	3	24	9	31	36	2645	7	30	5454	2
27
9	17	630	5754	39	75	195	1127	3	8	319	3852	60	39	634	2793	3	24	9	31	36	2645	7	30	5454	2	1
11
0	9	188	3520	367	1224	843	49	2233	452	2
11
9	188	3520	367	1224	843	49	2233	452	2	1
15
0	994	3	33	1234	3	94	248	222	6	1779	14	493	531	2
15
994	3	33	1234	3	94	248	222	6	1779	14	493	531	2	1
25
0	5	134	92	5320	14	5821	3	8	6155	2281	39	994	81	11	1179	14	717	175	23	632	3	439	632	2
25
5	134	92	5320	14	5821	3	8	6155	2281	39	994	81	11	1179	14	717	175	23	632	3	439	632	2	1
20
0	367	507	373	35	2421	3	35	301	2421	14	3763	319	285	8	2560	61	285	543	2
20
367	507	373	35	2421	3	35	301	2421	14	3763	319	285	8	2560	61	285	543	2	1
6
0	90	33	585	268	2
6
90	33	585	268	2	1
11
0	108	66	6	2483	159	4	21	30	2630	2
11
108	66	6	2483	159	4	21	30	2630	2	1
7
0	5	2678	7	437	69	2
7
5	2678	7	437	69	2	1
43
0	59	9	54	4	21	91	11	143	491	88	440	3	11	143	15	4	16	51	68	36	90	3	51	68	33	153	3	24	248	90	33	994	3	115	9	61	648	773	81	6	1016	2
43
59	9	54	4	21	91	11	143	491	88	440	3	11	143	15	4	16	51	68	36	90	3	51	68	33	153	3	24	248	90	33	994	3	115	9	61	648	773	81	6	1016	2	1
9
0	10	4	16	97	626	97	15	2
9
10	4	16	97	626	97	15	2	1
9
0	9	4	20	19	7	437	69	2
9
9	4	20	19	7	437	69	2	1
23
0	2192	34	2281	39	149	23	334	245	3417	68	8	96	1628	1886	92	104	123	1401	608	14	113	2
23
2192	34	2281	39	149	23	334	245	3417	68	8	96	1628	1886	92	104	123	1401	608	14	113	2	1
30
0	149	1570	717	8	73	1412	60	105	1009	14	98	2360	3	152	13	31	114	55	110	197	3	9	17	410	41	14	120	423	2
30
149	1570	717	8	73	1412	60	105	1009	14	98	2360	3	152	13	31	114	55	110	197	3	9	17	410	41	14	120	423	2	1
29
0	9	17	11	416	148	620	39	149	3	11	620	15	9	17	7	437	11	99	648	3	8	5	101	648	3	7	1607	2
29
9	17	11	416	148	620	39	149	3	11	620	15	9	17	7	437	11	99	648	3	8	5	101	648	3	7	1607	2	1
25
0	11	300	8	259	153	23	92	153	15	61	437	11	173	357	18	149	3	173	107	9	17	67	65	2
25
11	300	8	259	153	23	92	153	15	61	437	11	173	357	18	149	3	173	107	9	17	67	65	2	1
13
0	76	62	38	149	23	114	18	6	304	149	1470	2
13
76	62	38	149	23	114	18	6	304	149	1470	2	1
11
0	13	4	20	36	412	7	30	114	10	2
11
13	4	20	36	412	7	30	114	10	2	1
10
0	71	423	33	35	64	93	35	147	2
10
71	423	33	35	64	93	35	147	2	1
14
0	9	54	585	1227	93	9	54	585	79	34	2957	985	2
14
9	54	585	1227	93	9	54	585	79	34	2957	985	2	1
17
0	59	160	30	3	15	4	16	38	4	16	19	7	17	7	158	2
17
59	160	30	3	15	4	16	38	4	16	19	7	17	7	158	2	1
28
0	229	5	4	45	721	147	3	5	61	248	279	33	11	3184	39	34	845	789	8	11	2957	3184	39	34	5055	789	2
28
229	5	4	45	721	147	3	5	61	248	279	33	11	3184	39	34	845	789	8	11	2957	3184	39	34	5055	789	2	1
34
0	18	75	5914	3	9	61	36	175	1384	11	5807	14	928	5855	3	24	105	11	4373	76	62	112	9	54	3822	178	5373	33	4727	34	367	2239	2
34
18	75	5914	3	9	61	36	175	1384	11	5807	14	928	5855	3	24	105	11	4373	76	62	112	9	54	3822	178	5373	33	4727	34	367	2239	2	1
37
0	33	1234	3	9	61	1384	112	9	54	4718	845	4	16	5629	1878	8	4899	3	2325	69	14	6	806	489	7	2973	34	2233	2239	3	464	1211	8	493	531	2
37
33	1234	3	9	61	1384	112	9	54	4718	845	4	16	5629	1878	8	4899	3	2325	69	14	6	806	489	7	2973	34	2233	2239	3	464	1211	8	493	531	2	1
15
0	5	61	36	4932	7	3454	219	751	72	70	23	71	3653	2
15
5	61	36	4932	7	3454	219	751	72	70	23	71	3653	2	1
13
0	24	59	153	2572	3	10	319	175	356	7	116	2
13
24	59	153	2572	3	10	319	175	356	7	116	2	1
34
0	5	61	110	615	34	2057	150	4650	735	2734	3	8	5	101	439	2734	3	8	61	175	32	22	59	9	17	11	530	33	737	39	11	2979	4473
34
5	61	110	615	34	2057	150	4650	735	2734	3	8	5	101	439	2734	3	8	61	175	32	22	59	9	17	11	530	33	737	39	11	2979	4473	1
13
0	34	1564	23	828	8	2438	3	36	489	8	2295	2
13
34	1564	23	828	8	2438	3	36	489	8	2295	2	1
19
0	6	283	99	7	2287	170	1895	23	261	11	5612	3	4527	8	3745	378	358	2
19
6	283	99	7	2287	170	1895	23	261	11	5612	3	4527	8	3745	378	358	2	1
36
0	39	147	220	8	718	203	9	4	57	89	6	1364	1069	68	11	4514	3	4746	8	5256	378	358	3	58	15	94	6016	6	1550	14	2295	18	384	3591	2
36
39	147	220	8	718	203	9	4	57	89	6	1364	1069	68	11	4514	3	4746	8	5256	378	358	3	58	15	94	6016	6	1550	14	2295	18	384	3591	2	1
28
0	229	475	236	14	635	8	558	832	14	274	3	9	31	18	353	296	1105	18	6	339	428	107	141	3	141	197	2
28
229	475	236	14	635	8	558	832	14	274	3	9	31	18	353	296	1105	18	6	339	428	107	141	3	141	197	2	1
14
0	5	3190	730	7	1238	6	3695	378	358	1587	14	3984	2
14
5	3190	730	7	1238	6	3695	378	358	1587	14	3984	2	1
10
0	10	94	78	11	1208	8	406	315	2
10
10	94	78	11	1208	8	406	315	2	1
14
0	5	61	248	30	1541	7	3454	153	4	16	812	2168	2
14
5	61	248	30	1541	7	3454	153	4	16	812	2168	2	1
24
0	928	2458	8	1513	54	30	50	3	50	5122	3	24	9	160	7	242	60	4324	8	39	406	2015	2
24
928	2458	8	1513	54	30	50	3	50	5122	3	24	9	160	7	242	60	4324	8	39	406	2015	2	1
15
0	34	462	61	30	348	59	667	32	36	1137	73	6	1372	2
15
34	462	61	30	348	59	667	32	36	1137	73	6	1372	2	1
13
0	18	118	555	3	59	13	32	36	844	98	858	2
13
18	118	555	3	59	13	32	36	844	98	858	2	1
26
0	34	398	8	1065	319	27	15	59	5	3424	11	575	18	6	2901	3	5	61	1999	15	575	18	6	2901	2
26
34	398	8	1065	319	27	15	59	5	3424	11	575	18	6	2901	3	5	61	1999	15	575	18	6	2901	2	1
4
0	134	48	2
4
134	48	2	1
20
0	1676	3	2487	118	650	33	6	1713	3	489	8	3004	61	36	30	88	191	2300	2
20
1676	3	2487	118	650	33	6	1713	3	489	8	3004	61	36	30	88	191	2300	2	1
11
0	12	54	36	17	11	378	358	515	4648	2
11
12	54	36	17	11	378	358	515	4648	2	1
15
0	11	4651	1468	15	4005	8	6028	31	96	781	2171	14	717	2
15
11	4651	1468	15	4005	8	6028	31	96	781	2171	14	717	2	1
31
0	1255	36	18	560	1275	3	5	37	293	255	6	489	18	310	3	50	5735	3	200	33	87	144	15	10	100	1159	6	339	428	2
31
1255	36	18	560	1275	3	5	37	293	255	6	489	18	310	3	50	5735	3	200	33	87	144	15	10	100	1159	6	339	428	2	1
42
0	3697	3	5	37	912	3	8	6	383	3770	94	78	94	78	254	3	86	23	6039	344	103	310	8	4782	2051	7	120	50	391	316	1837	3	154	10	94	244	7	32	33	1067	2
42
3697	3	5	37	912	3	8	6	383	3770	94	78	94	78	254	3	86	23	6039	344	103	310	8	4782	2051	7	120	50	391	316	1837	3	154	10	94	244	7	32	33	1067	2	1
13
0	8	65	3	7	514	10	276	3	9	17	262	2
13
8	65	3	7	514	10	276	3	9	17	262	2	1
16
0	88	1564	23	7	3617	11	378	358	15	61	2511	33	5721	3944	2
16
88	1564	23	7	3617	11	378	358	15	61	2511	33	5721	3944	2	1
52
0	15	4	16	163	5	248	76	8	17	7	76	33	1150	3776	39	5520	8	2814	3821	3	1053	107	3517	823	39	170	86	17	1216	4622	24	50	187	7	1762	52	826	2364	33	11	249	307	14	800	932	8	4379	4801	62	489	2
52
15	4	16	163	5	248	76	8	17	7	76	33	1150	3776	39	5520	8	2814	3821	3	1053	107	3517	823	39	170	86	17	1216	4622	24	50	187	7	1762	52	826	2364	33	11	249	307	14	800	932	8	4379	4801	62	489	2	1
9
0	9	17	7	76	7	178	25	2
9
9	17	7	76	7	178	25	2	1
44
0	9	17	7	76	7	178	25	43	87	14	6	518	25	504	40	4	21	27	38	13	4	20	114	3	104	668	13	523	76	2078	90	1428	18	6	178	486	349	93	208	573	49	331	2
44
9	17	7	76	7	178	25	43	87	14	6	518	25	504	40	4	21	27	38	13	4	20	114	3	104	668	13	523	76	2078	90	1428	18	6	178	486	349	93	208	573	49	331	2	1
16
0	910	3	5	61	209	39	34	789	7	5844	1674	978	8	2466	2
16
910	3	5	61	209	39	34	789	7	5844	1674	978	8	2466	2	1
41
0	772	14	453	7	1764	5043	978	15	36	133	4662	93	327	3	9	188	267	15	5207	8	2919	1674	3416	8	384	3786	61	32	123	7	5688	1205	5063	340	6	138	107	219	3423	2
41
772	14	453	7	1764	5043	978	15	36	133	4662	93	327	3	9	188	267	15	5207	8	2919	1674	3416	8	384	3786	61	32	123	7	5688	1205	5063	340	6	138	107	219	3423	2	1
8
0	75	31	88	1895	97	147	2
8
75	31	88	1895	97	147	2	1
33
0	5	61	3520	11	378	358	15	41	454	3	642	120	350	3	54	324	3	22	245	3	8	152	34	398	8	789	61	423	8	293	2646	2
33
5	61	3520	11	378	358	15	41	454	3	642	120	350	3	54	324	3	22	245	3	8	152	34	398	8	789	61	423	8	293	2646	2	1
40
0	6	138	319	27	15	9	32	36	79	3418	18	3772	14	1065	3	15	9	31	228	441	72	518	1065	444	398	8	72	518	398	444	789	3	15	4	16	38	9	47	2
40
6	138	319	27	15	9	32	36	79	3418	18	3772	14	1065	3	15	9	31	228	441	72	518	1065	444	398	8	72	518	398	444	789	3	15	4	16	38	9	47	2	1
9
0	9	47	60	7	30	34	789	2
9
9	47	60	7	30	34	789	2	1
17
0	9	47	6	138	7	30	68	9	47	7	205	828	7	6	138	2
17
9	47	6	138	7	30	68	9	47	7	205	828	7	6	138	2	1
12
0	243	102	2295	69	70	3	243	87	3570	691	2
12
243	102	2295	69	70	3	243	87	3570	691	2	1
18
0	6	462	14	2886	23	6	364	383	213	15	9	17	286	18	6	138	2
18
6	462	14	2886	23	6	364	383	213	15	9	17	286	18	6	138	2	1
17
0	7	2287	75	1895	3	454	319	17	4396	18	120	64	8	384	499	2
17
7	2287	75	1895	3	454	319	17	4396	18	120	64	8	384	499	2	1
27
0	128	3	87	454	319	1044	163	9	34	290	5124	123	1766	18	1750	6	472	14	378	268	107	18	1750	120	426	2
27
128	3	87	454	319	1044	163	9	34	290	5124	123	1766	18	1750	6	472	14	378	268	107	18	1750	120	426	2	1
3
0	454	2
3
454	2	1
17
0	454	319	27	15	9	4	20	733	6	270	25	191	128	49	148	2
17
454	319	27	15	9	4	20	733	6	270	25	191	128	49	148	2	1
4
0	22	347	2
4
22	347	2	1
11
0	49	148	3	49	246	3	49	378	358	2
11
49	148	3	49	246	3	49	378	358	2	1
18
0	6	155	3	6020	8	321	14	6	270	1359	61	228	30	88	191	3933	2
18
6	155	3	6020	8	321	14	6	270	1359	61	228	30	88	191	3933	2	1
15
0	71	64	94	141	5889	15	800	7	204	384	426	452	191	2
15
71	64	94	141	5889	15	800	7	204	384	426	452	191	2	1
27
0	585	34	398	8	34	1065	204	120	268	1084	2292	8	9	3	409	208	549	7	60	3	319	306	114	6	291	2
27
585	34	398	8	34	1065	204	120	268	1084	2292	8	9	3	409	208	549	7	60	3	319	306	114	6	291	2	1
18
0	9	61	71	708	1810	35	64	93	384	25	7	6	803	5932	14	2761	2
18
9	61	71	708	1810	35	64	93	384	25	7	6	803	5932	14	2761	2	1
12
0	6	4253	3431	6	347	1576	33	6167	8	4555	2
12
6	4253	3431	6	347	1576	33	6167	8	4555	2	1
20
0	5	288	6038	14	1522	2970	15	3793	98	74	8	205	153	166	8	61	110	1551	2
20
5	288	6038	14	1522	2970	15	3793	98	74	8	205	153	166	8	61	110	1551	2	1
24
0	8	491	88	440	3	9	61	110	1551	153	150	196	868	15	3841	34	1272	7	643	34	426	3028	2
24
8	491	88	440	3	9	61	110	1551	153	150	196	868	15	3841	34	1272	7	643	34	426	3028	2	1
33
0	820	3	97	92	571	3	94	78	11	406	315	33	6	202	182	8	94	3615	34	182	68	1029	3615	34	182	14	34	596	8	34	155	2
33
820	3	97	92	571	3	94	78	11	406	315	33	6	202	182	8	94	3615	34	182	68	1029	3615	34	182	14	34	596	8	34	155	2	1
11
0	8	5	4	57	63	605	7	109	10	2
11
8	5	4	57	63	605	7	109	10	2	1
7
0	5	4	57	2492	825	2
7
5	4	57	2492	825	2	1
8
0	5	4	57	2492	178	486	2
8
5	4	57	2492	178	486	2	1
11
0	5	4	57	2492	22	87	14	6	182	2
11
5	4	57	2492	22	87	14	6	182	2	1
7
0	13	17	78	5992	69	2
7
13	17	78	5992	69	2	1
6
0	120	596	23	405	2
6
120	596	23	405	2	1
25
0	110	128	3	175	6	2048	68	8	5	17	7	66	35	768	68	110	128	194	175	6	2048	61	158	2
25
110	128	3	175	6	2048	68	8	5	17	7	66	35	768	68	110	128	194	175	6	2048	61	158	2	1
12
0	9	61	294	34	155	8	205	18	178	595	2
12
9	61	294	34	155	8	205	18	178	595	2	1
19
0	70	61	30	1161	33	6	318	15	376	6	202	182	175	7	4733	10	761	2
19
70	61	30	1161	33	6	318	15	376	6	202	182	175	7	4733	10	761	2	1
6
0	13	1739	6	25	2
6
13	1739	6	25	2	1
9
0	13	105	1009	14	6	202	182	2
9
13	105	1009	14	6	202	182	2	1
9
0	70	61	30	1161	33	170	318	2
9
70	61	30	1161	33	170	318	2	1
4
0	110	128	2
4
110	128	2	1
26
0	491	11	117	440	3	71	270	990	61	141	128	458	15	120	882	131	250	7	6	860	14	11	378	64	2
26
491	11	117	440	3	71	270	990	61	141	128	458	15	120	882	131	250	7	6	860	14	11	378	64	2	1
16
0	5	61	1867	97	147	6	138	261	6	1786	5476	14	270	452	2
16
5	61	1867	97	147	6	138	261	6	1786	5476	14	270	452	2	1
14
0	5	61	30	153	4	16	351	4309	8	235	1489	1595	2
14
5	61	30	153	4	16	351	4309	8	235	1489	1595	2	1
24
0	9	61	36	1843	33	1765	538	128	3	24	61	772	2674	6	3299	4891	15	636	98	86	9	31	2
24
9	61	36	1843	33	1765	538	128	3	24	61	772	2674	6	3299	4891	15	636	98	86	9	31	2	1
14
0	6	138	23	235	2444	8	235	1401	72	153	23	2852	2
14
6	138	23	235	2444	8	235	1401	72	153	23	2852	2	1
14
0	153	61	676	8	676	1302	7	1137	6	2677	14	5736	2
14
153	61	676	8	676	1302	7	1137	6	2677	14	5736	2	1
25
0	9	61	228	393	603	635	8	1493	5730	1661	3	24	7	1137	6	2677	3	9	319	91	153	300	128	2
25
9	61	228	393	603	635	8	1493	5730	1661	3	24	7	1137	6	2677	3	9	319	91	153	300	128	2	1
36
0	8	228	68	228	3	228	3	9	319	91	3	8	9	17	7	76	62	10	81	183	6127	3	8	9	17	71	519	3	9	319	91	153	821	128	2
36
8	228	68	228	3	228	3	9	319	91	3	8	9	17	7	76	62	10	81	183	6127	3	8	9	17	71	519	3	9	319	91	153	821	128	2	1
9
0	9	319	91	153	781	1299	128	2
9
9	319	91	153	781	1299	128	2	1
16
0	8	9	319	68	9	17	7	8	9	61	91	153	51	128	2
16
8	9	319	68	9	17	7	8	9	61	91	153	51	128	2	1
31
0	8	59	9	32	15	68	8	59	9	32	15	3	1012	35	5433	54	30	6	235	2444	8	1401	6	138	94	141	3	141	1052	2
31
8	59	9	32	15	68	8	59	9	32	15	3	1012	35	5433	54	30	6	235	2444	8	1401	6	138	94	141	3	141	1052	2	1
8
0	136	12	50	102	3	133	2
8
136	12	50	102	3	133	2	1
5
0	5	745	10	2
5
5	745	10	2	1
4
0	136	12	2
4
136	12	2	1
3
0	387	987
3
387	987	1
12
0	11	1222	39	187	3983	226	69	14	11	4883	2
12
11	1222	39	187	3983	226	69	14	11	4883	2	1
5
0	55	3	187	2
5
55	3	187	2	1
6
0	76	62	88	723	2
6
76	62	88	723	2	1
6
0	13	4	20	606	2
6
13	4	20	606	2	1
13
0	167	118	107	5628	4910	144	177	348	7	242	15	2
13
167	118	107	5628	4910	144	177	348	7	242	15	2	1
7
0	88	723	31	2033	723	2
7
88	723	31	2033	723	2	1
30
0	662	11	466	3	26	37	475	3	8	26	44	3	42	179	3	26	94	556	723	8	1451	3	12	27	38	15	443	2	46
30
662	11	466	3	26	37	475	3	8	26	44	3	42	179	3	26	94	556	723	8	1451	3	12	27	38	15	443	2	46	1
6
0	35	37	36	48	2
6
35	37	36	48	2	1
20
0	35	37	822	15	44	3	42	26	94	556	723	8	12	27	38	15	443	2	46
20
35	37	822	15	44	3	42	26	94	556	723	8	12	27	38	15	443	2	46	1
3
0	151	28
3
151	28	1
7
0	22	3	26	287	10	2
7
22	3	26	287	10	2	1
44
0	22	3	38	5	44	11	361	14	295	761	139	8	38	232	23	5	37	49	575	3440	723	39	2745	3	8	58	14	2745	85	74	8	26	44	3	42	392	117	3	12	17	300	723	2
44
22	3	38	5	44	11	361	14	295	761	139	8	38	232	23	5	37	49	575	3440	723	39	2745	3	8	58	14	2745	85	74	8	26	44	3	42	392	117	3	12	17	300	723	2	1
7
0	12	17	5462	723	2	46
7
12	17	5462	723	2	46	1
23
0	8	115	334	58	100	66	3	42	12	17	51	723	3	392	117	3	5	89	71	647	2	46
23
8	115	334	58	100	66	3	42	12	17	51	723	3	392	117	3	5	89	71	647	2	46	1
11
0	5	44	3	42	38	32	12	101	28	46
11
5	44	3	42	38	32	12	101	28	46	1
21
0	26	44	3	42	5	281	12	145	55	5246	3	8	5	281	12	89	556	723	2	46
21
26	44	3	42	5	281	12	145	55	5246	3	8	5	281	12	89	556	723	2	46	1
12
0	5	89	2666	25	139	23	15	11	912	524	28
12
5	89	2666	25	139	23	15	11	912	524	28	1
17
0	5	101	25	145	1428	3	42	112	31	392	117	4	16	723	28	46
17
5	101	25	145	1428	3	42	112	31	392	117	4	16	723	28	46	1
6
0	88	723	31	606	2
6
88	723	31	606	2	1
9
0	12	27	3	88	723	31	2033	2
9
12	27	3	88	723	31	2033	2	1
6
0	1915	901	3	171	2
6
1915	901	3	171	2	1
15
0	18	289	3	5	473	11	1915	2106	107	901	5458	3	151	28
15
18	289	3	5	473	11	1915	2106	107	901	5458	3	151	28	1
23
0	71	3	24	5	122	35	43	133	37	200	7	48	3	42	179	3	140	723	31	50	184	2
23
71	3	24	5	122	35	43	133	37	200	7	48	3	42	179	3	140	723	31	50	184	2	1
6
0	13	31	2033	2	46
6
13	31	2033	2	46	1
26
0	22	822	3	18	11	466	3	44	3	43	26	89	230	252	7	66	139	65	5	37	3160	135	421	280	2
26
22	822	3	18	11	466	3	44	3	43	26	89	230	252	7	66	139	65	5	37	3160	135	421	280	2	1
17
0	26	244	7	32	185	40	2448	342	8	10	132	4	21	209	69	2
17
26	244	7	32	185	40	2448	342	8	10	132	4	21	209	69	2	1
11
0	1789	3	10	132	4	21	209	243	124	2
11
1789	3	10	132	4	21	209	243	124	2	1
30
0	24	58	14	6	129	26	44	37	42	26	94	556	723	8	1451	3	12	27	38	15	443	3	26	94	556	154	252	2	46
30
24	58	14	6	129	26	44	37	42	26	94	556	723	8	1451	3	12	27	38	15	443	3	26	94	556	154	252	2	46	1
7
0	12	54	76	10	74	2
7
12	54	76	10	74	2	1
8
0	5	132	4	21	66	10	2
8
5	132	4	21	66	10	2	1
17
0	5	40	4	21	47	25	7	79	340	562	15	5	17	11	213	2
17
5	40	4	21	47	25	7	79	340	562	15	5	17	11	213	2	1
15
0	5	4	45	533	12	3	5439	3	5	89	22	87	25	2
15
5	4	45	533	12	3	5439	3	5	89	22	87	25	2	1
32
0	5	100	66	666	3	734	25	100	111	48	139	183	113	5	4	162	2790	25	4	16	1222	3	42	179	3	12	17	184	723	2	46
32
5	100	66	666	3	734	25	100	111	48	139	183	113	5	4	162	2790	25	4	16	1222	3	42	179	3	12	17	184	723	2	46	1
7
0	163	495	4	21	5	28
7
163	495	4	21	5	28	1
15
0	8	3	73	6	99	3	73	200	15	5	1456	6	213	2
15
8	3	73	6	99	3	73	200	15	5	1456	6	213	2	1
25
0	167	827	139	5	104	1092	74	88	723	3	8	44	3	42	76	3	105	11	76	62	15	1222	2	46
25
167	827	139	5	104	1092	74	88	723	3	8	44	3	42	76	3	105	11	76	62	15	1222	2	46	1
19
0	5	40	4	21	27	59	10	37	1141	3	431	3	487	10	23	93	36	2
19
5	40	4	21	27	59	10	37	1141	3	431	3	487	10	23	93	36	2	1
25
0	26	44	3	831	352	117	94	556	723	8	1451	26	94	556	154	5227	4	5	132	4	21	66	15	2
25
26	44	3	831	352	117	94	556	723	8	1451	26	94	556	154	5227	4	5	132	4	21	66	15	2	1
63
0	8	41	5	122	23	72	26	800	3	72	26	37	1647	3	72	26	37	3	72	1146	207	135	76	169	3	5	282	135	4014	11	187	6165	8	5	44	3	8	5	44	3	8	5	89	35	126	300	663	1222	950	7	1639	135	3	43	5	281	26	37	19	7	5947	2
63
8	41	5	122	23	72	26	800	3	72	26	37	1647	3	72	26	37	3	72	1146	207	135	76	169	3	5	282	135	4014	11	187	6165	8	5	44	3	8	5	44	3	8	5	89	35	126	300	663	1222	950	7	1639	135	3	43	5	281	26	37	19	7	5947	2	1
7
0	8	133	313	10	606	2
7
8	133	313	10	606	2	1
14
0	487	10	37	1141	93	36	5	54	4	21	111	12	2
14
487	10	37	1141	93	36	5	54	4	21	111	12	2	1
13
0	5	54	63	66	15	38	26	44	37	11	842	2
13
5	54	63	66	15	38	26	44	37	11	842	2	1
22
0	8	133	3	13	244	7	32	1236	49	88	723	194	229	5	44	15	3	13	110	122	2
22
8	133	3	13	244	7	32	1236	49	88	723	194	229	5	44	15	3	13	110	122	2	1
15
0	8	115	5	1092	74	6	1222	3	5	1062	25	6	1222	2
15
8	115	5	1092	74	6	1222	3	5	1062	25	6	1222	2	1
13
0	12	27	3	72	5	4	57	85	11	126	758	2
13
12	27	3	72	5	4	57	85	11	126	758	2	1
15
0	22	641	3	5	56	10	4	16	36	11	374	14	1141	139
15
22	641	3	5	56	10	4	16	36	11	374	14	1141	139	1
3
0	387	1045
3
387	1045	1
4
0	179	753	2
4
179	753	2	1
5
0	9	121	814	2
5
9	121	814	2	1
5
0	9	121	814	2
5
9	121	814	2	1
4
0	136	12	2
4
136	12	2	1
4
0	136	12	2
4
136	12	2	1
8
0	179	35	23	11	51	215	2
8
179	35	23	11	51	215	2	1
6
0	136	12	50	102	2
6
136	12	50	102	2	1
4
0	51	809	2
4
51	809	2	1
11
0	9	61	30	5649	33	11	249	113	559	2
11
9	61	30	5649	33	11	249	113	559	2	1
6
0	17	11	90	113	2
6
17	11	90	113	2	1
6
0	17	11	90	113	2
6
17	11	90	113	2	1
29
0	12	27	9	1113	4	21	4595	361	14	407	177	3	9	1113	4	21	4830	7	116	35	58	3	12	27	15	3	67	28
29
12	27	9	1113	4	21	4595	361	14	407	177	3	9	1113	4	21	4830	7	116	35	58	3	12	27	15	3	67	28	1
6
0	9	1113	4	21	2
6
9	1113	4	21	2	1
33
0	14	861	59	12	1018	7	6	1192	3	9	1113	4	21	1677	7	116	243	102	3	8	65	9	4	20	343	3	343	3	343	6	64	2
33
14	861	59	12	1018	7	6	1192	3	9	1113	4	21	1677	7	116	243	102	3	8	65	9	4	20	343	3	343	3	343	6	64	2	1
16
0	8	543	6	64	4	16	19	7	306	343	3	343	3	343	2
16
8	543	6	64	4	16	19	7	306	343	3	343	3	343	2	1
9
0	22	5	47	7	136	6	2600	2
9
22	5	47	7	136	6	2600	2	1
7
0	13	4	57	78	389	2
7
13	4	57	78	389	2	1
11
0	75	25	3	13	209	55	3146	3	3146	2
11
75	25	3	13	209	55	3146	3	3146	2	1
10
0	9	4	20	36	19	7	482	10	2
10
9	4	20	36	19	7	482	10	2	1
35
0	8	9	4	57	89	108	51	272	226	69	14	846	3	8	227	272	226	69	14	1103	8	1565	8	3251	8	115	18	11	361	14	403	761	385	2
35
8	9	4	57	89	108	51	272	226	69	14	846	3	8	227	272	226	69	14	1103	8	1565	8	3251	8	115	18	11	361	14	403	761	385	2	1
6
0	9	121	385	22	2
6
9	121	385	22	2	1
12
0	9	4	20	19	7	32	50	124	18	1149	2
12
9	4	20	19	7	32	50	124	18	1149	2	1
8
0	9	4	20	906	6	601	2
8
9	4	20	906	6	601	2	1
12
0	10	4	16	228	184	7	30	906	6	601	2
12
10	4	16	228	184	7	30	906	6	601	2	1
6
0	8	6103	273	130	2
6
8	6103	273	130	2	1
12
0	10	4	16	19	7	30	92	227	195	407	2
12
10	4	16	19	7	30	92	227	195	407	2	1
16
0	9	609	36	104	160	6	195	407	3	193	3	7	30	720	2
16
9	609	36	104	160	6	195	407	3	193	3	7	30	720	2	1
53
0	22	559	9	89	848	7	1423	125	3	8	945	12	4	162	345	60	66	3	12	27	3	59	13	161	63	105	6	118	650	8	966	60	74	3	8	59	12	161	966	60	74	43	12	27	6	118	650	748	7	1262	125	2
53
22	559	9	89	848	7	1423	125	3	8	945	12	4	162	345	60	66	3	12	27	3	59	13	161	63	105	6	118	650	8	966	60	74	3	8	59	12	161	966	60	74	43	12	27	6	118	650	748	7	1262	125	2	1
24
0	22	59	13	4163	294	2581	15	72	25	1385	69	3	9	4	20	19	7	53	11	84	14	616	2
24
22	59	13	4163	294	2581	15	72	25	1385	69	3	9	4	20	19	7	53	11	84	14	616	2	1
7
0	12	27	13	294	2581	2
7
12	27	13	294	2581	2	1
21
0	22	5	47	7	1301	73	1584	88	3659	3	2014	94	78	41	103	6	215	337	959	2
21
22	5	47	7	1301	73	1584	88	3659	3	2014	94	78	41	103	6	215	337	959	2	1
16
0	26	4	16	247	173	107	48	22	5	4	45	11	187	5171	2
16
26	4	16	247	173	107	48	22	5	4	45	11	187	5171	2	1
14
0	8	40	237	7	4625	3	12	145	41	103	3	67	28
14
8	40	237	7	4625	3	12	145	41	103	3	67	28	1
7
0	26	999	6	3874	342	2
7
26	999	6	3874	342	2	1
6
0	35	23	630	3874	2
6
35	23	630	3874	2	1
14
0	35	23	630	2186	3	585	14	60	3	585	14	60	2
14
35	23	630	2186	3	585	14	60	3	585	14	60	2	1
8
0	9	121	6	250	399	193	2
8
9	121	6	250	399	193	2	1
13
0	167	999	10	123	107	98	3	22	63	192	15	2
13
167	999	10	123	107	98	3	22	63	192	15	2	1
24
0	8	2685	8	834	3	6	1845	3	6	273	481	3	8	5537	8	5515	8	38	11	481	9	17	2
24
8	2685	8	834	3	6	1845	3	6	273	481	3	8	5537	8	5515	8	38	11	481	9	17	2	1
32
0	5	47	7	63	136	11	361	14	398	14	552	15	31	106	3	6	4425	14	35	189	793	3	392	8	2856	1725	3292	3	631	74	2
32
5	47	7	63	136	11	361	14	398	14	552	15	31	106	3	6	4425	14	35	189	793	3	392	8	2856	1725	3292	3	631	74	2	1
4
0	51	157	2
4
51	157	2	1
38
0	1725	44	3	42	352	3	46	4378	33	6	234	323	407	26	4	16	5652	48	622	3	26	4601	46	352	3	5	47	7	204	83	430	156	150	140	308	2	46
38
1725	44	3	42	352	3	46	4378	33	6	234	323	407	26	4	16	5652	48	622	3	26	4601	46	352	3	5	47	7	204	83	430	156	150	140	308	2	46	1
14
0	5	44	3	42	1725	5	40	4	21	47	140	82	2
14
5	44	3	42	1725	5	40	4	21	47	140	82	2	1
10
0	5	40	4	21	47	7	32	10	2
10
5	40	4	21	47	7	32	10	2	1
8
0	5	4	45	2573	1407	2	46
8
5	4	45	2573	1407	2	46	1
7
0	183	113	5	109	135	2
7
183	113	5	109	135	2	1
25
0	10	4	16	280	33	48	7	566	166	82	43	15	4	16	38	5	4	57	168	18	88	273	346	2
25
10	4	16	280	33	48	7	566	166	82	43	15	4	16	38	5	4	57	168	18	88	273	346	2	1
8
0	5	1639	8	1639	8	1639	2
8
5	1639	8	1639	8	1639	2	1
7
0	12	27	5	53	2602	2
7
12	27	5	53	2602	2	1
7
0	5	47	82	3	82	2
7
5	47	82	3	82	2	1
16
0	5	4	77	111	12	38	9	4	20	19	7	32	3	67	28
16
5	4	77	111	12	38	9	4	20	19	7	32	3	67	28	1
7
0	9	53	2602	3	67	28
7
9	53	2602	3	67	28	1
14
0	65	9	4	20	19	7	53	2602	33	6	202	182	2
14
65	9	4	20	19	7	53	2602	33	6	202	182	2	1
12
0	9	4	20	19	7	1639	8	1639	8	1639	2
12
9	4	20	19	7	1639	8	1639	8	1639	2	1
16
0	9	4	20	19	7	205	18	22	102	82	8	22	102	257	2
16
9	4	20	19	7	205	18	22	102	82	8	22	102	257	2	1
30
0	9	4	20	19	7	91	153	51	128	3	193	3	5	4	45	533	12	193	3	9	4	20	19	7	91	153	51	128	2
30
9	4	20	19	7	91	153	51	128	3	193	3	5	4	45	533	12	193	3	9	4	20	19	7	91	153	51	128	2	1
20
0	8	334	51	357	14	552	3	1826	821	73	133	3	11	51	357	14	1725	5749	2
20
8	334	51	357	14	552	3	1826	821	73	133	3	11	51	357	14	1725	5749	2	1
6
0	8	2856	1269	4186	2
6
8	2856	1269	4186	2	1
6
0	631	74	3	1269	2
6
631	74	3	1269	2	1
4
0	631	74	2
4
631	74	2	1
5
0	195	51	25	2
5
195	51	25	2	1
6
0	1269	23	228	835	2
6
1269	23	228	835	2	1
11
0	26	4	16	228	85	3625	3	67	1269	28
11
26	4	16	228	85	3625	3	67	1269	28	1
13
0	42	352	5	56	12	188	32	35	8	15	2	46
13
42	352	5	56	12	188	32	35	8	15	2	46	1
15
0	185	3625	5	55	7	1018	7	3	5	4	77	30	720	2
15
185	3625	5	55	7	1018	7	3	5	4	77	30	720	2	1
12
0	22	1725	8	1269	8	904	3	9	745	10	2
12
22	1725	8	1269	8	904	3	9	745	10	2	1
8
0	12	4	57	78	51	398	2
8
12	4	57	78	51	398	2	1
7
0	136	12	3	136	12	2
7
136	12	3	136	12	2	1
8
0	22	35	37	50	1152	559	2
8
22	35	37	50	1152	559	2	1
17
0	24	5	4	77	111	12	10	895	55	9	159	73	11	84	593	2
17
24	5	4	77	111	12	10	895	55	9	159	73	11	84	593	2	1
25
0	5	121	593	3	8	5	17	7	111	12	4360	404	3384	402	4961	94	78	22	189	49	331	8	2191	2
25
5	121	593	3	8	5	17	7	111	12	4360	404	3384	402	4961	94	78	22	189	49	331	8	2191	2	1
6
0	26	94	78	51	2
6
26	94	78	51	2	1
12
0	8	97	12	27	1549	4757	9	121	1549	1308	28
12
8	97	12	27	1549	4757	9	121	1549	1308	28	1
3
0	2929	28
3
2929	28	1
32
0	1488	1962	1987	3	92	389	157	3	8	26	94	78	39	98	8	39	98	81	6	847	3	8	5	47	7	136	1488	8	185	577	2
32
1488	1962	1987	3	92	389	157	3	8	26	94	78	39	98	8	39	98	81	6	847	3	8	5	47	7	136	1488	8	185	577	2	1
10
0	10	4	16	78	227	3	6	864	2
10
10	4	16	78	227	3	6	864	2	1
7
0	22	9	159	6	593	2
7
22	9	159	6	593	2	1
6
0	9	159	39	477	2
6
9	159	39	477	2	1
6
0	9	159	39	518	2
6
9	159	39	518	2	1
7
0	9	159	39	903	1318	2
7
9	159	39	903	1318	2	1
7
0	9	159	39	1548	1318	2
7
9	159	39	1548	1318	2	1
7
0	5	121	6	1548	1318	2
7
5	121	6	1548	1318	2	1
26
0	9	4	20	6	1072	25	3	9	4	20	6	235	1489	25	3	8	12	27	38	5	4	45	441	52	28
26
9	4	20	6	1072	25	3	9	4	20	6	235	1489	25	3	8	12	27	38	5	4	45	441	52	28	1
13
0	43	5	4	57	78	200	10	33	11	249	113	2
13
43	5	4	57	78	200	10	33	11	249	113	2	1
10
0	1423	125	145	6	5105	125	3	71	2
10
1423	125	145	6	5105	125	3	71	2	1
6
0	360	58	39	583	2
6
360	58	39	583	2	1
9
0	5	4	45	96	441	52	15	2
9
5	4	45	96	441	52	15	2	1
16
0	22	5	4	45	50	483	14	12	3	35	23	92	227	400	2
16
22	5	4	45	50	483	14	12	3	35	23	92	227	400	2	1
11
0	5	121	6	64	3	5	121	6	64	2
11
5	121	6	64	3	5	121	6	64	2	1
10
0	9	4	20	19	18	6	375	1558	2
10
9	4	20	19	18	6	375	1558	2	1
31
0	9	4	20	19	7	6018	12	27	1538	3	9	4	20	3125	15	634	3	8	9	4	20	19	7	3159	10	74	39	169	2098	2
31
9	4	20	19	7	6018	12	27	1538	3	9	4	20	3125	15	634	3	8	9	4	20	19	7	3159	10	74	39	169	2098	2	1
18
0	9	4	20	19	7	3159	10	74	4290	11	84	14	169	2098	69	70	2
18
9	4	20	19	7	3159	10	74	4290	11	84	14	169	2098	69	70	2	1
13
0	9	4	20	19	7	17	34	472	184	8	300	2
13
9	4	20	19	7	17	34	472	184	8	300	2	1
14
0	9	4	20	19	7	212	6	164	3	12	27	15	2
14
9	4	20	19	7	212	6	164	3	12	27	15	2	1
10
0	9	4	20	19	7	212	6	164	2
10
9	4	20	19	7	212	6	164	2	1
19
0	8	5	17	11	84	14	423	81	174	3	8	12	63	322	9	159	583	2
19
8	5	17	11	84	14	423	81	174	3	8	12	63	322	9	159	583	2	1
17
0	24	142	48	111	12	174	23	19	7	225	33	6	164	3	67	28
17
24	142	48	111	12	174	23	19	7	225	33	6	164	3	67	28	1
8
0	10	4	16	19	7	158	2
8
10	4	16	19	7	158	2	1
8
0	10	4	16	19	7	158	2
8
10	4	16	19	7	158	2	1
5
0	13	27	10	2
5
13	27	10	2	1
5
0	5	27	10	2
5
5	27	10	2	1
6
0	9	41	27	10	2
6
9	41	27	10	2	1
7
0	9	17	11	217	620	2
7
9	17	11	217	620	2	1
9
0	9	17	11	148	620	39	174	2
9
9	17	11	148	620	39	174	2	1
9
0	13	4	77	225	33	6	164	2
9
13	4	77	225	33	6	164	2	1
10
0	13	4	77	30	50	441	52	10	2
10
13	4	77	30	50	441	52	10	2	1
4
0	134	48	2
4
134	48	2	1
8
0	5	4	77	165	7	60	2
8
5	4	77	165	7	60	2	1
12
0	13	4	20	19	7	30	50	3	50	1906	2
12
13	4	20	19	7	30	50	3	50	1906	2	1
15
0	13	4	20	19	7	30	1906	7	30	550	33	6	164	2
15
13	4	20	19	7	30	1906	7	30	550	33	6	164	2	1
11
0	9	4	20	19	7	30	6	259	25	2
11
9	4	20	19	7	30	6	259	25	2	1
19
0	9	4	20	36	19	7	30	6	25	15	53	1781	340	41	103	6	215	2
19
9	4	20	36	19	7	30	6	25	15	53	1781	340	41	103	6	215	2	1
11
0	9	4	20	19	7	30	6	259	25	2
11
9	4	20	19	7	30	6	259	25	2	1
27
0	12	4	20	19	7	30	483	14	140	147	3	8	12	4	20	19	7	30	104	5669	14	140	64	3	468	28
27
12	4	20	19	7	30	483	14	140	147	3	8	12	4	20	19	7	30	104	5669	14	140	64	3	468	28	1
11
0	22	559	193	3	35	37	11	51	809	2
11
22	559	193	3	35	37	11	51	809	2	1
6
0	5	121	35	215	2
6
5	121	35	215	2	1
6
0	5	121	35	292	2
6
5	121	35	292	2	1
6
0	5	121	2628	2648	2
6
5	121	2628	2648	2	1
12
0	5	17	388	8	2528	22	102	82	103	106	2
12
5	17	388	8	2528	22	102	82	103	106	2	1
16
0	117	1522	4369	294	533	1269	9	17	6	283	793	18	2628	2648	2
16
117	1522	4369	294	533	1269	9	17	6	283	793	18	2628	2648	2	1
10
0	26	4	16	569	48	41	6	113	2
10
26	4	16	569	48	41	6	113	2	1
25
0	24	15	4	16	920	24	5	63	47	7	66	10	4	16	11	51	292	3	8	13	17	51	25	2
25
24	15	4	16	920	24	5	63	47	7	66	10	4	16	11	51	292	3	8	13	17	51	25	2	1
7
0	8	5	37	22	483	2
7
8	5	37	22	483	2	1
9
0	12	27	3	5	237	7	1726	2
9
12	27	3	5	237	7	1726	2	1
9
0	5	37	41	103	6	215	559	2
9
5	37	41	103	6	215	559	2	1
6
0	6	25	31	227	2
6
6	25	31	227	2	1
10
0	6	2801	3	10	37	389	7	109	2
10
6	2801	3	10	37	389	7	109	2	1
10
0	6	25	14	35	64	31	439	227	2
10
6	25	14	35	64	31	439	227	2	1
8
0	5	121	12	193	50	102	2
8
5	121	12	193	50	102	2	1
8
0	192	362	91	153	51	128	2
8
192	362	91	153	51	128	2	1
18
0	9	4	20	19	7	32	10	3	8	10	4	16	19	7	158	547	2
18
9	4	20	19	7	32	10	3	8	10	4	16	19	7	158	547	2	1
7
0	136	12	50	102	133	2
7
136	12	50	102	133	2	1
5
0	9	121	12	2
5
9	121	12	2	1
5
0	9	121	12	2
5
9	121	12	2	1
3
0	387	546
3
387	546	1
3
0	784	2
3
784	2	1
3
0	2100	2
3
2100	2	1
8
0	15	23	108	481	14	25	2
8
15	23	108	481	14	25	2	1
3
0	236	2
3
236	2	1
9
0	22	184	3	136	12	50	102	2
9
22	184	3	136	12	50	102	2	1
7
0	15	4	16	96	184	2
7
15	4	16	96	184	2	1
4
0	136	12	2
4
136	12	2	1
11
0	10	4	16	51	7	30	62	117	1193	2
11
10	4	16	51	7	30	62	117	1193	2	1
15
0	10	4	16	51	7	30	18	11	394	979	3	178	486	2
15
10	4	16	51	7	30	18	11	394	979	3	178	486	2	1
12
0	8	10	4	16	92	544	7	17	133	106	2
12
8	10	4	16	92	544	7	17	133	106	2	1
9
0	35	23	1039	253	4	16	5644	2
9
35	23	1039	253	4	16	5644	2	1
10
0	70	4	16	78	71	610	55	35	2
10
70	4	16	78	71	610	55	35	2	1
16
0	8	3	5	54	111	3	108	14	6	650	3	13	237	18	2
16
8	3	5	54	111	3	108	14	6	650	3	13	237	18	2	1
13
0	13	132	4	21	27	6	4553	132	4	21	209	2
13
13	132	4	21	27	6	4553	132	4	21	209	2	1
6
0	13	4536	55	4569	2
6
13	4536	55	4569	2	1
21
0	13	132	4	21	27	6	386	37	243	126	3	43	13	132	4	21	17	253	70	2
21
13	132	4	21	27	6	386	37	243	126	3	43	13	132	4	21	17	253	70	2	1
9
0	112	31	13	19	7	512	262	28
9
112	31	13	19	7	512	262	28	1
13
0	5	40	4	21	56	10	4	16	1186	1189	158	2
13
5	40	4	21	56	10	4	16	1186	1189	158	2	1
8
0	34	64	23	18	630	804	2
8
34	64	23	18	630	804	2	1
9
0	9	40	4	21	17	877	264	2
9
9	40	4	21	17	877	264	2	1
15
0	9	348	7	17	877	3	24	9	40	4	21	17	60	2
15
9	348	7	17	877	3	24	9	40	4	21	17	60	2	1
22
0	72	37	6	234	113	253	258	98	906	3	142	4	16	66	3	149	18	11	148	143	28
22
72	37	6	234	113	253	258	98	906	3	142	4	16	66	3	149	18	11	148	143	28	1
5
0	13	792	98	2
5
13	792	98	2	1
8
0	5	512	149	41	6	113	2
8
5	512	149	41	6	113	2	1
5
0	41	6	113	2
5
41	6	113	2	1
9
0	72	122	9	512	320	62	233	28
9
72	122	9	512	320	62	233	28	1
16
0	13	463	120	652	103	73	6	239	3	8	38	32	9	32	28
16
13	463	120	652	103	73	6	239	3	8	38	32	9	32	28	1
13
0	72	37	6	234	113	12	258	11	4934	18	5245	28
13
72	37	6	234	113	12	258	11	4934	18	5245	28	1
9
0	10	218	4	21	1918	3	193	2
9
10	218	4	21	1918	3	193	2	1
8
0	13	512	98	41	6	113	2
8
13	512	98	41	6	113	2	1
10
0	72	32	9	512	174	62	6	271	28
10
72	32	9	512	174	62	6	271	28	1
12
0	13	4	20	1835	62	98	3	62	34	1459	2
12
13	4	20	1835	62	98	3	62	34	1459	2	1
9
0	8	65	13	31	906	98	2360	2
9
8	65	13	31	906	98	2360	2	1
10
0	13	31	36	34	357	3	134	48	2
10
13	31	36	34	357	3	134	48	2	1
9
0	24	13	4	20	590	98	2360	2
9
24	13	4	20	590	98	2360	2	1
15
0	6	1166	94	444	11	1965	1224	33	133	252	4	16	366	2
15
6	1166	94	444	11	1965	1224	33	133	252	4	16	366	2	1
3
0	387	529
3
387	529	1
4
0	136	12	2
4
136	12	2	1
15
0	10	4	16	347	3	8	75	31	6	283	8	6	2057	2
15
10	4	16	347	3	8	75	31	6	283	8	6	2057	2	1
15
0	72	174	1610	384	25	3	13	4	20	36	779	120	283	2
15
72	174	1610	384	25	3	13	4	20	36	779	120	283	2	1
8
0	13	4	20	36	779	12	2
8
13	4	20	36	779	12	2	1
8
0	13	4	20	36	779	12	2
8
13	4	20	36	779	12	2	1
22
0	13	4	20	779	25	15	17	798	14	366	3	8	13	4	20	674	170	366	39	98	2
22
13	4	20	779	25	15	17	798	14	366	3	8	13	4	20	674	170	366	39	98	2	1
7
0	13	4	20	674	707	2
7
13	4	20	674	707	2	1
7
0	13	4	20	674	1011	2
7
13	4	20	674	1011	2	1
6
0	13	4	20	2692	2
6
13	4	20	2692	2	1
11
0	8	108	3	5	2024	3	31	90	25	2
11
8	108	3	5	2024	3	31	90	25	2	1
9
0	179	8	10	175	636	367	507	2
9
179	8	10	175	636	367	507	2	1
7
0	10	175	636	367	507	2
7
10	175	636	367	507	2	1
11
0	13	4	20	779	98	36	6	67	25	2
11
13	4	20	779	98	36	6	67	25	2	1
10
0	10	4	16	226	81	123	107	174	2
10
10	4	16	226	81	123	107	174	2	1
27
0	10	4	16	226	81	41	103	304	8	3888	153	3	8	10	4	16	226	211	68	211	68	81	6	339	428	2
27
10	4	16	226	81	41	103	304	8	3888	153	3	8	10	4	16	226	211	68	211	68	81	6	339	428	2	1
8
0	24	9	40	4	21	27	2
8
24	9	40	4	21	27	2	1
22
0	43	9	17	71	1756	8	9	17	71	1602	3	9	40	4	21	27	38	4	16	265	2
22
43	9	17	71	1756	8	9	17	71	1602	3	9	40	4	21	27	38	4	16	265	2	1
17
0	8	10	4	16	85	7	309	8	10	4	16	85	7	309	547	2
17
8	10	4	16	85	7	309	8	10	4	16	85	7	309	547	2	1
13
0	493	531	23	2336	74	901	3789	14	6	339	428	2
13
493	531	23	2336	74	901	3789	14	6	339	428	2	1
7
0	13	4	57	444	391	2
7
13	4	57	444	391	2	1
9
0	5	4	45	18	1872	39	60	2
9
5	4	45	18	1872	39	60	2	1
9
0	13	63	413	11	793	18	600	2
9
13	63	413	11	793	18	600	2	1
6
0	54	12	134	35	28
6
54	12	134	35	28	1
6
0	13	413	11	793	2
6
13	413	11	793	2	1
13
0	72	5	17	7	212	11	793	3	5	225	653	2
13
72	5	17	7	212	11	793	3	5	225	653	2	1
30
0	13	40	4	21	17	7	225	653	3	43	13	313	6	316	15	3	72	9	302	310	3	5	44	9	188	4	57	341	2
30
13	40	4	21	17	7	225	653	3	43	13	313	6	316	15	3	72	9	302	310	3	5	44	9	188	4	57	341	2	1
19
0	22	65	262	94	6	316	3	8	38	13	40	4	21	17	3	254	94	2
19
22	65	262	94	6	316	3	8	38	13	40	4	21	17	3	254	94	2	1
55
0	8	18	755	68	8	5	61	111	12	35	3	8	5	44	10	50	768	3	144	177	3	5	44	68	8	5	121	6	219	3	8	5	47	7	17	6	2852	219	15	9	4	57	141	89	3	8	9	160	10	123	65	107	141	2
55
8	18	755	68	8	5	61	111	12	35	3	8	5	44	10	50	768	3	144	177	3	5	44	68	8	5	121	6	219	3	8	5	47	7	17	6	2852	219	15	9	4	57	141	89	3	8	9	160	10	123	65	107	141	2	1
25
0	24	5	44	3	42	40	4	21	450	310	3	46	43	12	4	20	19	7	293	1159	6	339	428	2
25
24	5	44	3	42	40	4	21	450	310	3	46	43	12	4	20	19	7	293	1159	6	339	428	2	1
32
0	254	23	19	7	105	103	6	339	428	3	254	8	210	252	61	53	6	316	3	8	10	612	69	15	254	23	65	344	103	310	2
32
254	23	19	7	105	103	6	339	428	3	254	8	210	252	61	53	6	316	3	8	10	612	69	15	254	23	65	344	103	310	2	1
5
0	56	14	10	2
5
56	14	10	2	1
17
0	254	23	344	103	310	3	8	13	4	20	344	10	103	126	953	2
17
254	23	344	103	310	3	8	13	4	20	344	10	103	126	953	2	1
13
0	9	388	83	572	277	18	310	3	83	572	277	2
13
9	388	83	572	277	18	310	3	83	572	277	2	1
11
0	9	410	236	14	635	3	236	18	310	2
11
9	410	236	14	635	3	236	18	310	2	1
30
0	9	17	833	875	3	86	5	121	3	5	121	68	13	4	20	51	68	41	103	6	215	3	236	8	236	14	833	875	2
30
9	17	833	875	3	86	5	121	3	5	121	68	13	4	20	51	68	41	103	6	215	3	236	8	236	14	833	875	2	1
6
0	8	9	17	230	2
6
8	9	17	230	2	1
9
0	9	54	4	21	104	79	70	2
9
9	54	4	21	104	79	70	2	1
5
0	9	17	230	2
5
9	17	230	2	1
24
0	8	183	113	9	186	310	775	3	6	191	113	11	5773	467	276	18	6	683	3	13	376	10	2
24
8	183	113	9	186	310	775	3	6	191	113	11	5773	467	276	18	6	683	3	13	376	10	2	1
21
0	234	485	3	5	509	3473	4798	68	75	31	126	3663	68	145	302	1158	33	6	801	2
21
234	485	3	5	509	3473	4798	68	75	31	126	3663	68	145	302	1158	33	6	801	2	1
3
0	964	28
3
964	28	1
10
0	12	100	66	223	195	3	223	326	28
10
12	100	66	223	195	3	223	326	28	1
14
0	3473	3607	3663	3	13	1332	3	8	6	801	313	60	2
14
3473	3607	3663	3	13	1332	3	8	6	801	313	60	2	1
20
0	234	4153	3	10	37	63	586	34	2038	2064	1381	68	11	611	14	717	3	67	28
20
234	4153	3	10	37	63	586	34	2038	2064	1381	68	11	611	14	717	3	67	28	1
6
0	24	36	33	98	2
6
24	36	33	98	2	1
6
0	10	37	1899	565	2
6
10	37	1899	565	2	1
6
0	1362	322	14	35	28
6
1362	322	14	35	28	1
8
0	10	4	16	110	1899	565	2
8
10	4	16	110	1899	565	2	1
24
0	34	1464	3304	747	37	6	296	584	5931	24	56	14	10	3	2156	1899	565	3	301	1464	3304	747	2
24
34	1464	3304	747	37	6	296	584	5931	24	56	14	10	3	2156	1899	565	3	301	1464	3304	747	2	1
13
0	8	34	299	918	23	894	81	955	7	436	390	2
13
8	34	299	918	23	894	81	955	7	436	390	2	1
13
0	40	4	21	134	6	5218	40	4	21	134	10	2
13
40	4	21	134	6	5218	40	4	21	134	10	2	1
6
0	15	4	16	67	2
6
15	4	16	67	2	1
13
0	11	84	14	25	74	70	54	4	21	53	155	2
13
11	84	14	25	74	70	54	4	21	53	155	2	1
25
0	13	54	4	21	53	155	3	43	70	31	71	155	3	43	149	94	34	155	8	174	94	34	155	2
25
13	54	4	21	53	155	3	43	70	31	71	155	3	43	149	94	34	155	8	174	94	34	155	2	1
6
0	13	41	17	155	2
6
13	41	17	155	2	1
40
0	24	6	299	181	3	6	299	181	23	894	81	955	7	755	8	223	104	960	390	3	8	167	759	52	10	3	43	10	4	16	11	2773	15	4	16	1135	14	1791	2
40
24	6	299	181	3	6	299	181	23	894	81	955	7	755	8	223	104	960	390	3	8	167	759	52	10	3	43	10	4	16	11	2773	15	4	16	1135	14	1791	2	1
21
0	34	1065	31	247	1144	8	1144	73	6	99	3	8	9	97	11	64	31	247	2593	2
21
34	1065	31	247	1144	8	1144	73	6	99	3	8	9	97	11	64	31	247	2593	2	1
10
0	104	34	478	3382	218	4	21	209	2
10
104	34	478	3382	218	4	21	209	2	1
14
0	10	176	69	649	13	17	775	15	23	734	144	518	2
14
10	176	69	649	13	17	775	15	23	734	144	518	2	1
10
0	13	40	4	21	27	59	10	898	2
10
13	40	4	21	27	59	10	898	2	1
56
0	8	5	281	10	37	301	72	10	37	2347	49	331	3	43	753	3	206	15	463	4339	7	1173	8	41	14	6	118	25	15	76	62	98	8	13	66	3	42	15	23	11	481	14	25	3	8	15	23	11	432	15	781	94	71	984	2
56
8	5	281	10	37	301	72	10	37	2347	49	331	3	43	753	3	206	15	463	4339	7	1173	8	41	14	6	118	25	15	76	62	98	8	13	66	3	42	15	23	11	481	14	25	3	8	15	23	11	432	15	781	94	71	984	2	1
12
0	13	40	4	21	27	38	13	4	20	114	2
12
13	40	4	21	27	38	13	4	20	114	2	1
13
0	13	40	4	21	27	38	13	4	20	114	2	46
13
13	40	4	21	27	38	13	4	20	114	2	46	1
12
0	9	17	11	315	311	6	126	842	362	382	2
12
9	17	11	315	311	6	126	842	362	382	2	1
3
0	382	2
3
382	2	1
31
0	591	3	10	176	69	15	714	31	19	33	25	74	2826	3	3678	3	2885	3	8	104	1262	390	3	8	1663	31	261	6	1399	2
31
591	3	10	176	69	15	714	31	19	33	25	74	2826	3	3678	3	2885	3	8	104	1262	390	3	8	1663	31	261	6	1399	2	1
32
0	12	17	7	30	450	73	11	2031	3	1029	3	11	2031	3	7	242	10	3	43	6	1663	31	22	581	3	10	4	16	866	3393	2
32
12	17	7	30	450	73	11	2031	3	1029	3	11	2031	3	7	242	10	3	43	6	1663	31	22	581	3	10	4	16	866	3393	2	1
7
0	10	4	16	866	3393	2
7
10	4	16	866	3393	2	1
15
0	10	23	11	4437	362	8	192	6	83	546	216	1753	1620	28
15
10	23	11	4437	362	8	192	6	83	546	216	1753	1620	28	1
21
0	83	546	216	9	388	49	11	1753	1620	3	8	7	35	240	10	218	4	21	209	2
21
83	546	216	9	388	49	11	1753	1620	3	8	7	35	240	10	218	4	21	209	2	1
8
0	11	83	546	216	1753	1620	2
8
11	83	546	216	1753	1620	2	1
49
0	59	8	72	6	4634	23	905	73	262	3	152	97	625	449	23	262	4	16	2897	4623	3	5	54	853	12	15	6	2069	100	17	175	6069	8	4636	15	352	117	100	17	78	147	43	35	100	36	17	232	2
49
59	8	72	6	4634	23	905	73	262	3	152	97	625	449	23	262	4	16	2897	4623	3	5	54	853	12	15	6	2069	100	17	175	6069	8	4636	15	352	117	100	17	78	147	43	35	100	36	17	232	2	1
20
0	262	100	17	78	4904	2487	38	23	265	65	39	34	41	165	3	71	1023	290	2
20
262	100	17	78	4904	2487	38	23	265	65	39	34	41	165	3	71	1023	290	2	1
48
0	6	936	560	8	384	499	94	207	87	4218	2548	52	48	7	6	2069	3	43	13	47	7	676	7	2101	276	6	202	182	3	585	49	148	8	62	6	271	3	8	13	267	5	288	293	3735	7	60	2
48
6	936	560	8	384	499	94	207	87	4218	2548	52	48	7	6	2069	3	43	13	47	7	676	7	2101	276	6	202	182	3	585	49	148	8	62	6	271	3	8	13	267	5	288	293	3735	7	60	2	1
36
0	6	2069	175	322	58	602	14	6	305	1675	26	132	4	21	109	6	1011	3	6	1956	5841	8	6	561	812	1025	6	1066	932	17	49	6	202	182	2
36
6	2069	175	322	58	602	14	6	305	1675	26	132	4	21	109	6	1011	3	6	1956	5841	8	6	561	812	1025	6	1066	932	17	49	6	202	182	2	1
22
0	26	218	4	21	109	112	936	499	23	5204	147	220	8	34	499	18	183	2355	14	1033	2
22
26	218	4	21	109	112	936	499	23	5204	147	220	8	34	499	18	183	2355	14	1033	2	1
15
0	33	11	1983	925	7	374	11	201	4	16	3419	23	1930	2
15
33	11	1983	925	7	374	11	201	4	16	3419	23	1930	2	1
34
0	5	288	483	7	30	11	1195	8	97	147	5	61	36	658	2085	7	30	4383	905	8	3310	3	2487	38	23	265	65	3	39	34	1066	147	2
34
5	288	483	7	30	11	1195	8	97	147	5	61	36	658	2085	7	30	4383	905	8	3310	3	2487	38	23	265	65	3	39	34	1066	147	2	1
23
0	71	925	3	756	11	1983	925	3	188	17	6	67	7	374	334	396	4	16	1472	93	3419	2
23
71	925	3	756	11	1983	925	3	188	17	6	67	7	374	334	396	4	16	1472	93	3419	2	1
35
0	13	31	701	6	2069	97	11	4401	8	13	188	30	2054	14	915	33	114	22	3	756	72	22	87	635	31	980	8	72	371	246	23	22	3883	2
35
13	31	701	6	2069	97	11	4401	8	13	188	30	2054	14	915	33	114	22	3	756	72	22	87	635	31	980	8	72	371	246	23	22	3883	2	1
16
0	5	17	22	87	1753	5293	3	5	17	60	41	103	6	215	2
16
5	17	22	87	1753	5293	3	5	17	60	41	103	6	215	2	1
11
0	5	1387	25	3	13	32	11	1753	1620	2
11
5	1387	25	3	13	32	11	1753	1620	2	1
7
0	10	714	48	83	987	2
7
10	714	48	83	987	2	1
7
0	83	546	216	1753	1620	2
7
83	546	216	1753	1620	2	1
16
0	124	3	12	160	210	3	43	290	31	41	165	3	71	1023	2
16
124	3	12	160	210	3	43	290	31	41	165	3	71	1023	2	1
9
0	230	4	16	1186	1189	53	168	2
9
230	4	16	1186	1189	53	168	2	1
15
0	13	61	36	205	98	68	134	48	68	7	6	2230	1289	2
15
13	61	36	205	98	68	134	48	68	7	6	2230	1289	2	1
5
0	13	61	36	2
5
13	61	36	2	1
