14
8000
13
1	17	22	34	53	61	3	62	12	109	72	31	2
13
17	22	34	53	61	3	62	12	109	72	31	2	0
17
1	16	24	8	32	28	78	31	36	35	127	4	79	80	97	103	2
17
16	24	8	32	28	78	31	36	35	127	4	79	80	97	103	2	0
23
1	5	28	76	131	4	33	5	19	8	10	7	18	96	12	3	119	114	106	13	3	108	2
23
5	28	76	131	4	33	5	19	8	10	7	18	96	12	3	119	114	106	13	3	108	2	0
13
1	9	70	37	10	46	4	17	128	20	50	5	2
13
9	70	37	10	46	4	17	128	20	50	5	2	0
3
1	63	2
3
63	2	0
20
1	11	101	15	21	83	100	110	38	67	11	11	118	15	21	94	38	111	68	15
20
11	101	15	21	83	100	110	38	67	11	11	118	15	21	94	38	111	68	15	0
37
1	29	40	26	25	35	95	99	73	4	5	7	113	123	112	93	122	6	66	120	6	98	54	8	6	115	64	102	13	85	47	3	107	12	3	77	2
37
29	40	26	25	35	95	99	73	4	5	7	113	123	112	93	122	6	66	120	6	98	54	8	6	115	64	102	13	85	47	3	107	12	3	77	2	0
11
1	16	121	74	27	9	3	24	130	81	2
11
16	121	74	27	9	3	24	130	81	2	0
8
1	17	23	39	125	36	27	126
8
17	23	39	125	36	27	126	0
5
1	10	19	105	2
5
10	19	105	2	0
16
1	55	65	37	32	7	3	69	86	25	58	84	4	33	90	2
16
55	65	37	32	7	3	69	86	25	58	84	4	33	90	2	0
4
1	20	124	2
4
20	124	2	0
28
1	39	6	22	34	87	4	18	8	117	75	6	71	23	16	104	13	42	49	5	9	5	52	57	44	129	60	2
28
39	6	22	34	87	4	18	8	117	75	6	71	23	16	104	13	42	49	5	9	5	52	57	44	129	60	2	0
25
1	91	48	9	14	132	30	43	7	14	7	92	30	89	45	41	82	29	56	26	51	14	88	59	116
25
91	48	9	14	132	30	43	7	14	7	92	30	89	45	41	82	29	56	26	51	14	88	59	116	0
