10
100 1
0.000000	0.000000	0.000000	0.000000	0.000000	0.000000	0.000000	0.000000	0.000000	0.000000	0.000000	0.000000	0.000000	0.000000	0.000000	0.000000	0.000000	0.000000	0.000000	0.000000	0.000000	0.000000	0.000000	0.587093	0.000000	0.000000	0.000000	0.000000	0.000000	0.000000	0.240617	0.000000	0.000000	0.000000	0.000000	0.000000	0.432867	0.000000	0.000000	0.000000	0.000000	0.000000	0.000000	0.000000	0.000000	0.000000	0.000000	0.000000	0.000000	0.000000	0.000000	0.000000	0.000000	0.000000	0.000000	0.000000	0.000000	0.000000	0.000000	0.000000	0.000000	0.000000	0.000000	0.000000	0.000000	0.000000	0.000000	0.000000	0.000000	0.000000	0.000000	0.000000	0.000000	0.000000	0.000000	0.169026	0.000000	0.000000	0.000000	0.000000	0.000000	0.000000	0.000000	0.000000	0.000000	0.000000	0.000000	0.000000	0.000000	0.000000	0.000000	0.000000	1.000000	0.000000	0.000000	0.000000	0.000000	0.031596	0.000000	0.000000	
100 1
0.000000	0.000000	0.000000	0.000000	0.000000	0.000000	0.000000	0.000000	0.000000	0.000000	0.000000	0.000000	0.000000	0.000000	0.000000	0.000000	0.000000	0.000000	0.000000	0.000000	0.000000	0.000000	0.000000	0.139488	0.231871	0.283226	0.309925	0.318575	0.314240	0.300905	0.338659	0.353386	0.349604	0.335426	0.314488	0.289456	0.364768	0.404342	0.414211	0.407432	0.389412	0.364099	0.334456	0.302682	0.270385	0.238719	0.208489	0.180227	0.154259	0.130751	0.109747	0.091204	0.075014	0.061027	0.049065	0.038937	0.030445	0.023399	0.017613	0.012913	0.009143	0.006158	0.003830	0.002047	0.000711	-0.000264	-0.000950	-0.001406	-0.001685	-0.001828	-0.001870	-0.001838	-0.001754	-0.001637	-0.001500	0.038878	0.065764	0.080880	0.088898	0.091671	0.090626	0.086899	0.081388	0.074789	0.067631	0.060312	0.053118	0.046250	0.039838	0.033963	0.028663	0.023946	0.256447	0.408371	0.490385	0.530872	0.541599	0.538902	0.519534	0.489005	
100 1
0.000000	0.074473	0.000000	0.082202	0.000000	0.000000	0.007297	0.124208	0.002083	0.000000	0.005132	0.115679	0.139427	0.240356	0.043118	0.000000	0.582514	0.105834	0.126810	0.000000	0.184944	0.117447	0.000000	0.037630	0.297954	0.185076	0.252334	0.053052	0.000000	0.151648	0.000000	0.070103	0.000000	0.122232	0.315915	0.000000	0.076090	0.909936	0.401674	0.208976	0.102002	0.000000	0.000000	0.000000	0.000000	0.141937	0.087403	0.192017	0.000000	0.000000	0.010405	0.703342	0.258876	0.000000	0.081557	0.109353	0.000000	1.000000	0.483352	0.000000	0.184995	0.000000	0.370355	0.000000	0.000000	0.029668	0.027855	0.063445	0.000000	0.000000	0.000000	0.000000	0.048243	0.132055	0.188579	0.168172	0.000706	0.000000	0.039976	0.231609	0.240926	0.187891	0.064198	0.255226	0.269429	0.000000	0.003357	0.262403	0.000000	0.258414	0.030190	0.158263	0.056104	0.000000	0.910846	0.069155	0.068294	0.142328	0.155669	0.291679	
100 1
0.000000	0.017728	0.029512	0.055679	0.072156	0.080604	0.085661	0.115961	0.133682	0.140509	0.141881	0.165674	0.209795	0.289406	0.343923	0.368199	0.509516	0.613594	0.688021	0.714612	0.751255	0.778600	0.769982	0.747253	0.777252	0.814391	0.867934	0.885435	0.866328	0.860817	0.829779	0.797824	0.751152	0.723823	0.755551	0.750906	0.738395	0.914535	1.087316	1.198199	1.246518	1.234709	1.188403	1.123408	1.048374	1.000907	0.959380	0.945291	0.905515	0.849324	0.787915	0.884003	0.976518	0.998056	0.996401	0.988901	0.952288	1.122451	1.297087	1.350610	1.375628	1.347264	1.368662	1.338879	1.277225	1.207785	1.134792	1.068805	0.993969	0.914621	0.834409	0.755196	0.689532	0.653982	0.652259	0.667705	0.654619	0.622953	0.590639	0.603704	0.648569	0.699053	0.722715	0.772578	0.842090	0.858141	0.839587	0.861194	0.847731	0.869089	0.862120	0.864267	0.850716	0.813299	0.969943	1.053991	1.080759	1.094845	1.103870	1.139270	
100 1
0.000000	0.348398	0.000000	0.000000	0.000000	0.000000	0.959001	0.000000	0.000000	0.000000	0.129508	0.188466	0.000000	0.000000	0.000000	0.000000	0.000000	0.000000	0.000000	0.000000	0.043263	0.000000	0.000000	0.000000	0.000000	0.000000	0.000000	0.000000	0.000000	0.000000	0.000000	0.000000	0.000000	0.483122	0.000000	0.000000	0.000000	0.000000	0.000000	0.000000	0.000000	0.000000	0.000000	0.000000	0.000000	0.000000	0.000000	0.000000	0.000000	0.000000	0.000000	0.000000	0.000000	0.000000	0.000000	0.000000	1.000000	0.000000	0.000000	0.000000	0.000000	0.000000	0.000000	0.000000	0.000000	0.000000	0.000000	0.000000	0.000000	0.000000	0.000000	0.000000	0.000000	0.000000	0.000000	0.000000	0.000000	0.000000	0.000000	0.000000	0.000000	0.234825	0.000000	0.000000	0.000000	0.000000	0.000000	0.000000	0.000000	0.000000	0.000000	0.000000	0.000000	0.000000	0.000000	0.000000	0.000000	0.000000	0.000000	0.000000	
100 1
0.000000	0.082881	0.137905	0.168649	0.184771	0.190126	0.413566	0.552561	0.620161	0.645895	0.672832	0.713073	0.715656	0.692585	0.654776	0.608106	0.556653	0.503295	0.450063	0.398391	0.359519	0.320381	0.281895	0.245488	0.211693	0.180806	0.152957	0.128156	0.106317	0.087292	0.070887	0.056882	0.045043	0.149964	0.217858	0.253520	0.270204	0.273120	0.266227	0.252632	0.234737	0.214373	0.192913	0.171362	0.150438	0.130634	0.112265	0.095514	0.080458	0.067099	0.055385	0.045225	0.036506	0.029097	0.022865	0.017677	0.250084	0.402205	0.484606	0.525578	0.536824	0.527209	0.503509	0.470790	0.432780	0.392201	0.351018	0.310636	0.272034	0.235866	0.202540	0.172274	0.145139	0.121094	0.100022	0.081747	0.066056	0.052717	0.041489	0.032131	0.024413	0.073995	0.106037	0.122763	0.130510	0.131717	0.128241	0.121552	0.112799	0.102865	0.092417	0.081944	0.071796	0.062213	0.053346	0.045279	0.038047	0.031647	0.026049	0.021206	
100 1
0.000000	0.133879	0.000000	0.000000	0.000000	0.000000	0.000000	0.000000	0.000000	0.000000	0.000000	0.000000	0.000000	0.000000	1.000000	0.000000	0.000000	0.000000	0.000000	0.000000	0.000000	0.000000	0.000000	0.000000	0.000000	0.000000	0.000000	0.000000	0.000000	0.000000	0.000000	0.000000	0.000000	0.000000	0.000000	0.000000	0.000000	0.000000	0.049169	0.000000	0.000000	0.000000	0.000000	0.000000	0.000000	0.000000	0.000000	0.000000	0.000000	0.000000	0.000000	0.000000	0.000000	0.000000	0.000000	0.000000	0.000000	0.000000	0.000000	0.000000	0.000000	0.000000	0.000000	0.000000	0.000000	0.000000	0.000000	0.000000	0.000000	0.000000	0.000000	0.410560	0.000000	0.000000	0.000000	0.000000	0.000000	0.000000	0.000000	0.683472	0.000000	0.000000	0.000000	0.000000	0.000000	0.000000	0.000000	0.000000	0.000000	0.000000	0.000000	0.000000	0.000000	0.000000	0.000000	0.000000	0.000000	0.000000	0.000000	0.000000	
100 1
0.000000	0.031867	0.053048	0.064910	0.071155	0.073254	0.072335	0.069299	0.064858	0.059563	0.053833	0.047983	0.042240	0.036761	0.268239	0.418961	0.499709	0.538969	0.548571	0.537446	0.512393	0.478476	0.439411	0.397903	0.355904	0.314802	0.275567	0.238844	0.205033	0.174344	0.146842	0.122483	0.101143	0.082640	0.066759	0.053261	0.041902	0.032437	0.036337	0.037750	0.036976	0.035185	0.032752	0.029941	0.026954	0.023940	0.021007	0.018227	0.015647	0.013296	0.011184	0.009313	0.007674	0.006254	0.005038	0.004006	0.003140	0.002419	0.001827	0.001345	0.000958	0.000651	0.000410	0.000226	0.000087	-0.000014	-0.000086	-0.000135	-0.000165	-0.000181	-0.000186	0.097459	0.162258	0.198432	0.217375	0.223645	0.220742	0.211440	0.197908	0.343498	0.432232	0.472722	0.485199	0.478095	0.457646	0.428553	0.394315	0.357506	0.319999	0.283135	0.247852	0.214778	0.184305	0.156638	0.131847	0.109897	0.090677	0.074022	0.059737	0.047605	
100 1
0.000000	0.090938	0.272175	0.148391	0.000000	0.116888	0.055716	0.284071	0.000000	0.000000	0.281304	0.000000	0.403819	0.050334	0.075187	0.507188	0.162502	0.254340	0.136660	0.149282	0.675168	0.533989	0.623627	0.162939	0.000000	0.000000	0.126299	0.398886	0.000000	0.000000	0.195191	0.494087	0.000000	0.000000	0.205289	0.000000	0.011793	0.066211	0.132612	0.281951	0.047446	0.070654	0.000000	0.125874	0.250930	0.036352	0.000000	0.020555	0.000000	0.148034	0.168399	0.078902	0.144272	0.080216	0.000000	0.404269	0.122286	0.000000	0.173197	0.039694	0.000000	0.084291	0.721221	0.163689	0.000000	0.000000	0.000000	0.000000	0.027399	0.433353	0.171735	0.185828	0.383451	0.098864	0.122837	0.000000	0.000000	0.066697	0.110415	1.000000	0.562361	0.052983	0.177410	0.000000	0.000000	0.127183	0.000000	0.077092	0.114373	0.340655	0.000000	0.000000	0.203473	0.108759	0.062356	0.020850	0.000000	0.083132	0.000000	0.000000	
100 1
0.000000	0.021647	0.100772	0.187021	0.238510	0.293077	0.334695	0.418623	0.462058	0.474206	0.533247	0.555952	0.645007	0.695406	0.720412	0.830345	0.911880	0.988657	1.035521	1.063922	1.197321	1.355016	1.529746	1.606646	1.592083	1.532997	1.480318	1.491270	1.450697	1.380014	1.339718	1.383041	1.363971	1.306823	1.278272	1.222025	1.151346	1.087260	1.043568	1.046932	1.025844	0.993949	0.941932	0.907105	0.913459	0.895735	0.853500	0.803124	0.744229	0.715425	0.712206	0.703897	0.707531	0.704926	0.679002	0.732919	0.773187	0.771160	0.784060	0.776569	0.745112	0.719495	0.845435	0.936603	0.958748	0.941026	0.899932	0.844844	0.788271	0.825901	0.863192	0.898554	0.978538	1.019118	1.037078	1.014853	0.967842	0.922633	0.889735	1.065445	1.263186	1.343589	1.382009	1.360583	1.304650	1.259692	1.194102	1.133708	1.087215	1.100716	1.073756	1.020365	1.000985	0.982066	0.951550	0.905715	0.846779	0.800341	0.744054	0.681862	
100 1
0.000000	0.000000	0.000000	0.034935	0.000000	0.000000	0.000000	0.000000	0.000000	0.000000	0.000000	0.000000	0.000000	0.000000	0.000000	0.448758	0.000000	0.000000	0.000000	0.000000	0.000000	0.000000	0.000000	0.000000	0.000000	0.000000	0.605432	0.000000	0.000000	0.000000	0.000000	0.000000	0.000000	0.000000	0.000000	0.000000	0.000000	0.000000	1.000000	0.000000	0.000000	0.000000	0.000000	0.223443	0.000000	0.000000	0.000000	0.000000	0.000000	0.000000	0.000000	0.000000	0.000000	0.000000	0.000000	0.000000	0.000000	0.000000	0.000000	0.000000	0.000000	0.000000	0.000000	0.000000	0.000000	0.000000	0.000000	0.000000	0.000000	0.000000	0.000000	0.140167	0.000000	0.000000	0.000000	0.000000	0.000000	0.000000	0.143184	0.204077	0.000000	0.000000	0.469120	0.000000	0.000000	0.000000	0.000000	0.000000	0.000000	0.000000	0.000000	0.000000	0.000000	0.000000	0.000000	0.000000	0.000000	0.000000	0.000000	0.000000	
100 1
0.000000	0.000000	0.000000	0.008316	0.013845	0.016942	0.018574	0.019123	0.018885	0.018093	0.016933	0.015550	0.014053	0.012525	0.011025	0.116293	0.185722	0.223955	0.243475	0.249284	0.245214	0.234292	0.218876	0.200775	0.181353	0.161617	0.285800	0.361984	0.397091	0.408447	0.403064	0.386163	0.361735	0.332785	0.301549	0.269667	0.238316	0.208321	0.415961	0.543830	0.603729	0.624800	0.619044	0.647444	0.645457	0.621107	0.584437	0.540463	0.492689	0.443615	0.395017	0.348144	0.303852	0.262702	0.225023	0.190967	0.160550	0.133681	0.110196	0.089874	0.072463	0.057691	0.045279	0.034955	0.026455	0.019534	0.013964	0.009539	0.006075	0.003409	0.001399	0.033286	0.054412	0.066122	0.072216	0.074172	0.073121	0.069967	0.099488	0.165228	0.204200	0.222826	0.339607	0.409008	0.439151	0.445671	0.435709	0.414590	0.386337	0.353956	0.319664	0.285072	0.251333	0.219241	0.189322	0.161889	0.137096	0.114975	0.095468	0.078453	
100 1
0.000000	0.000000	0.000000	0.000000	0.000000	0.000000	0.000000	0.000000	0.000000	0.000000	0.000000	0.000000	0.000000	0.000000	1.000000	0.000000	0.000000	0.000000	0.000000	0.000000	0.000000	0.000000	0.000000	0.000000	0.000000	0.000000	0.000000	0.000000	0.000000	0.000000	0.000000	0.446158	0.000000	0.000000	0.000000	0.000000	0.000000	0.000000	0.000000	0.000000	0.000000	0.000000	0.000000	0.000000	0.000000	0.000000	0.000000	0.000000	0.000000	0.000000	0.000000	0.000000	0.000000	0.000000	0.000000	0.354943	0.000000	0.000000	0.000000	0.000000	0.000000	0.000000	0.000000	0.000000	0.000000	0.000000	0.196947	0.000000	0.000000	0.000000	0.000000	0.000000	0.000000	0.000000	0.000000	0.000000	0.000000	0.000000	0.000000	0.000000	0.000000	0.000000	0.000000	0.875477	0.000000	0.000000	0.000000	0.583804	0.000000	0.000000	0.000000	0.000000	0.000000	0.000000	0.000000	0.000000	0.000000	0.000000	0.000000	0.015354	
100 1
0.000000	0.000000	0.000000	0.000000	0.000000	0.000000	0.000000	0.000000	0.000000	0.000000	0.000000	0.000000	0.000000	0.000000	0.236717	0.392398	0.477674	0.520901	0.533865	0.525530	0.502765	0.470715	0.433171	0.392906	0.351922	0.311653	0.273098	0.236932	0.203574	0.173252	0.146046	0.227868	0.276815	0.297462	0.302087	0.295449	0.281094	0.261755	0.239512	0.215920	0.192124	0.168943	0.146940	0.126483	0.107785	0.090945	0.075975	0.062824	0.051398	0.041574	0.033213	0.026169	0.020292	0.015441	0.011479	0.092714	0.146214	0.175522	0.190393	0.194675	0.191314	0.182646	0.170496	0.156271	0.141034	0.125572	0.157288	0.173979	0.177959	0.174850	0.166893	0.155761	0.142735	0.128790	0.114644	0.100816	0.087666	0.075427	0.064237	0.054160	0.045206	0.037344	0.030519	0.232104	0.363794	0.434789	0.469743	0.615158	0.692906	0.717213	0.710392	0.683078	0.642743	0.594684	0.542638	0.489248	0.436378	0.385342	0.337043	0.295722	
100 1
0.000000	0.000000	0.000000	0.000000	0.000000	0.646463	1.000000	0.000000	0.000000	0.000000	0.000000	0.000000	0.000000	0.000000	0.000000	0.000000	0.000000	0.000000	0.000000	0.000000	0.000000	0.000000	0.000000	0.000000	0.000000	0.000000	0.000000	0.000000	0.000000	0.000000	0.000000	0.000000	0.000000	0.000000	0.000000	0.000000	0.000000	0.000000	0.000000	0.000000	0.000000	0.000000	0.000000	0.000000	0.000000	0.000000	0.000000	0.000000	0.000000	0.000000	0.000000	0.000000	0.000000	0.000000	0.000000	0.000000	0.000000	0.000000	0.000000	0.000000	0.000000	0.000000	0.000000	0.000000	0.000000	0.000000	0.000000	0.000000	0.000000	0.000000	0.000000	0.000000	0.000000	0.000000	0.000000	0.000000	0.000000	0.000000	0.000000	0.000000	0.000000	0.000000	0.000000	0.000000	0.000000	0.000000	0.000000	0.000000	0.000000	0.000000	0.000000	0.000000	0.000000	0.000000	0.000000	0.000000	0.000000	0.000000	0.000000	0.000000	
100 1
0.000000	0.000000	0.000000	0.000000	0.000000	0.153530	0.488493	0.693086	0.798027	0.841732	0.843757	0.818354	0.775617	0.722502	0.663769	0.602690	0.541539	0.481909	0.424915	0.371327	0.321647	0.276169	0.235023	0.198203	0.165598	0.137016	0.112205	0.090877	0.072717	0.057403	0.044616	0.034047	0.025402	0.018412	0.012831	0.008435	0.005027	0.002436	0.000512	-0.000875	-0.001834	-0.002455	-0.002817	-0.002982	-0.003001	-0.002916	-0.002759	-0.002557	-0.002328	-0.002089	-0.001850	-0.001619	-0.001401	-0.001200	-0.001017	-0.000854	-0.000709	-0.000583	-0.000474	-0.000380	-0.000301	-0.000235	-0.000181	-0.000136	-0.000099	-0.000070	-0.000047	-0.000029	-0.000015	-0.000005	0.000003	0.000008	0.000011	0.000014	0.000015	0.000015	0.000015	0.000014	0.000013	0.000012	0.000011	0.000009	0.000008	0.000007	0.000006	0.000005	0.000004	0.000004	0.000003	0.000002	0.000002	0.000002	0.000001	0.000001	0.000001	0.000001	0.000000	0.000000	0.000000	0.000000	
100 1
0.170808	0.000000	0.000000	0.047547	0.004994	0.000000	0.000000	0.000000	0.459094	0.000000	0.000000	0.000000	0.000000	0.000000	0.204906	0.149572	0.051393	0.102886	0.000000	0.703254	0.039882	0.241776	0.000000	0.000000	0.165049	0.285436	0.000000	0.000000	0.000000	0.000000	0.000000	0.000000	0.306574	0.000000	0.000000	0.272403	0.796683	0.267077	0.000000	0.000000	0.299059	0.000000	0.000000	0.037866	0.319701	0.201568	0.854681	0.051067	0.000000	0.089614	0.000000	0.000000	0.000000	0.000000	0.000000	0.000000	0.386027	0.537834	0.000000	0.075147	0.000000	0.000000	0.016897	0.113412	0.081970	0.091686	0.000000	0.000000	0.109764	0.000000	0.000000	1.000000	0.036641	0.031795	0.000000	0.000000	0.476492	0.000000	0.000000	0.000000	0.569638	0.000000	0.360499	0.079412	0.062780	0.164479	0.000000	0.055028	0.010165	0.000000	0.256218	0.263608	0.169789	0.521689	0.105029	0.145223	0.000000	0.279549	0.049974	0.000000	
100 1
0.040655	0.067673	0.082800	0.102074	0.113445	0.117259	0.116037	0.111347	0.213357	0.277031	0.307917	0.319400	0.317024	0.304979	0.335059	0.379996	0.408576	0.437689	0.442833	0.595478	0.687910	0.776896	0.810172	0.804048	0.812556	0.857926	0.858516	0.828940	0.783066	0.727678	0.667294	0.605012	0.614869	0.601149	0.569268	0.592798	0.773393	0.925068	0.985579	0.990427	1.030246	1.022942	0.983590	0.936214	0.949451	0.973537	1.146395	1.225297	1.227118	1.209387	1.161178	1.094902	1.019592	0.940049	0.859261	0.779186	0.790783	0.896261	0.932054	0.937783	0.911690	0.865327	0.811524	0.776530	0.747296	0.724036	0.684292	0.634584	0.606080	0.566859	0.520500	0.704205	0.811181	0.853427	0.853323	0.825906	0.891221	0.904978	0.880843	0.837104	0.912626	0.932104	0.992083	1.016664	1.011311	1.012801	0.981340	0.941560	0.888576	0.825503	0.816993	0.845975	0.874472	0.981426	1.040331	1.072747	1.058302	1.078087	1.067971	1.025802	
100 1
0.000000	0.000000	0.000000	0.096646	0.190401	0.147992	0.247116	0.544851	0.000000	0.000000	0.454313	0.000000	0.397523	0.476347	0.179818	0.000000	0.000000	0.000000	0.000000	0.000000	0.000000	0.000000	0.171155	0.000000	0.000000	0.372700	0.000000	0.000000	0.170018	0.499891	0.000000	0.478585	0.623802	0.000000	0.000000	0.000000	0.000000	0.000000	0.280018	0.048384	0.139304	0.187068	0.000000	0.000000	0.000000	0.000000	0.000000	0.045207	0.000000	0.000000	0.154891	0.031014	0.000000	0.000000	0.380275	0.000000	0.344218	0.000000	0.000000	0.138796	0.000000	0.000000	0.281586	0.000000	0.045116	0.000000	0.000000	0.000000	0.263468	0.609208	0.000000	0.000000	0.000000	0.000000	0.765708	0.109371	0.391597	0.000000	0.679293	0.000000	0.263795	0.000000	0.000000	0.000000	0.070048	0.060088	0.000000	0.000000	0.224822	0.000000	0.000000	0.000000	0.053794	0.000000	0.000000	1.000000	0.000000	0.000000	0.514182	0.000000	
100 1
0.000000	0.000000	0.000000	0.023006	0.083597	0.157405	0.260571	0.450430	0.563208	0.616640	0.738369	0.795222	0.894298	1.037252	1.130724	1.148497	1.121901	1.070485	1.004940	0.931856	0.855381	0.778204	0.742004	0.693862	0.637487	0.665734	0.662761	0.635718	0.636546	0.732471	0.770622	0.876426	1.057201	1.132114	1.137187	1.104672	1.050086	0.982992	0.973441	0.947718	0.930725	0.932708	0.903152	0.853674	0.794150	0.729446	0.662777	0.606956	0.549198	0.491237	0.471686	0.449720	0.418100	0.382020	0.434094	0.455182	0.531933	0.566559	0.568466	0.583848	0.575225	0.549318	0.579778	0.581287	0.571264	0.545729	0.510034	0.468810	0.487075	0.625598	0.695490	0.714054	0.703464	0.673818	0.809162	0.896478	1.006201	1.042510	1.180529	1.227115	1.269415	1.254956	1.205255	1.137800	1.076866	1.018975	0.949829	0.874965	0.850405	0.807143	0.750733	0.689032	0.637932	0.582581	0.525315	0.701515	0.795203	0.822073	0.930944	0.971124	
