10
100 1
0.000000	0.000000	0.000000	0.000000	0.000000	0.000000	0.000000	0.000000	0.000000	0.000000	0.000000	0.000000	0.000000	0.000000	0.000000	0.000000	0.000000	0.000000	0.000000	0.000000	0.000000	0.000000	0.000000	0.587093	0.000000	0.000000	0.000000	0.000000	0.000000	0.000000	0.240617	0.000000	0.000000	0.000000	0.000000	0.000000	0.432867	0.000000	0.000000	0.000000	0.000000	0.000000	0.000000	0.000000	0.000000	0.000000	0.000000	0.000000	0.000000	0.000000	0.000000	0.000000	0.000000	0.000000	0.000000	0.000000	0.000000	0.000000	0.000000	0.000000	0.000000	0.000000	0.000000	0.000000	0.000000	0.000000	0.000000	0.000000	0.000000	0.000000	0.000000	0.000000	0.000000	0.000000	0.000000	0.169026	0.000000	0.000000	0.000000	0.000000	0.000000	0.000000	0.000000	0.000000	0.000000	0.000000	0.000000	0.000000	0.000000	0.000000	0.000000	0.000000	1.000000	0.000000	0.000000	0.000000	0.000000	0.031596	0.000000	0.000000	
100 1
0.000000	0.000000	0.000000	0.000000	0.000000	0.000000	0.000000	0.000000	0.000000	0.000000	0.000000	0.000000	0.000000	0.000000	0.000000	0.000000	0.000000	0.000000	0.000000	0.000000	0.000000	0.000000	0.000000	0.193606	0.331128	0.418605	0.475037	0.508312	0.523344	0.524028	0.509599	0.522777	0.511106	0.489044	0.461477	0.430707	0.451372	0.493189	0.500913	0.493192	0.476466	0.453758	0.427059	0.397880	0.367403	0.336545	0.306009	0.276318	0.247853	0.220880	0.195573	0.172033	0.150306	0.130394	0.112267	0.095868	0.081124	0.067950	0.056248	0.045920	0.036863	0.028973	0.022151	0.016296	0.011315	0.007116	0.003616	0.000734	-0.001603	-0.003464	-0.004912	-0.006003	-0.006789	-0.007317	-0.007627	0.008911	0.035464	0.047795	0.055018	0.059517	0.062099	0.063175	0.063038	0.061930	0.060056	0.057596	0.054701	0.051502	0.048108	0.044611	0.041085	0.037593	0.394310	0.608142	0.736118	0.806234	0.835173	0.835362	0.817716	0.782528	
100 1
0.000000	0.074473	0.000000	0.082202	0.000000	0.000000	0.007297	0.124208	0.002083	0.000000	0.005132	0.115679	0.139427	0.240356	0.043118	0.000000	0.582514	0.105834	0.126810	0.000000	0.184944	0.117447	0.000000	0.037630	0.297954	0.185076	0.252334	0.053052	0.000000	0.151648	0.000000	0.070103	0.000000	0.122232	0.315915	0.000000	0.076090	0.909936	0.401674	0.208976	0.102002	0.000000	0.000000	0.000000	0.000000	0.141937	0.087403	0.192017	0.000000	0.000000	0.010405	0.703342	0.258876	0.000000	0.081557	0.109353	0.000000	1.000000	0.483352	0.000000	0.184995	0.000000	0.370355	0.000000	0.000000	0.029668	0.027855	0.063445	0.000000	0.000000	0.000000	0.000000	0.048243	0.132055	0.188579	0.168172	0.000706	0.000000	0.039976	0.231609	0.240926	0.187891	0.064198	0.255226	0.269429	0.000000	0.003357	0.262403	0.000000	0.258414	0.030190	0.158263	0.056104	0.000000	0.910846	0.069155	0.068294	0.142328	0.155669	0.291679	
100 1
0.000000	0.003050	0.013084	0.020453	0.033423	0.038592	0.041227	0.050508	0.068638	0.075629	0.078503	0.085061	0.110710	0.170020	0.221768	0.252492	0.399318	0.509389	0.575778	0.629270	0.634472	0.645958	0.653013	0.637317	0.605924	0.601496	0.595076	0.603074	0.592080	0.561279	0.547158	0.517715	0.491603	0.457154	0.457137	0.475168	0.465327	0.639356	0.720943	0.784701	0.841113	0.876597	0.873158	0.846482	0.804638	0.749196	0.709268	0.658995	0.632904	0.588521	0.540107	0.615079	0.668429	0.730779	0.744048	0.739788	0.734099	0.793201	0.811395	0.915900	0.919455	0.943465	0.867635	0.880629	0.854346	0.811929	0.764418	0.713667	0.665076	0.609571	0.552865	0.497148	0.445466	0.402267	0.379760	0.373647	0.371019	0.351466	0.328086	0.319882	0.348850	0.382257	0.409355	0.427465	0.468197	0.510504	0.519838	0.510694	0.529716	0.518508	0.532376	0.519436	0.517037	0.504105	0.653320	0.768180	0.830381	0.843780	0.837686	0.799009	
100 1
0.000000	0.348398	0.000000	0.000000	0.000000	0.000000	0.959001	0.000000	0.000000	0.000000	0.129508	0.188466	0.000000	0.000000	0.000000	0.000000	0.000000	0.000000	0.000000	0.000000	0.043263	0.000000	0.000000	0.000000	0.000000	0.000000	0.000000	0.000000	0.000000	0.000000	0.000000	0.000000	0.000000	0.483122	0.000000	0.000000	0.000000	0.000000	0.000000	0.000000	0.000000	0.000000	0.000000	0.000000	0.000000	0.000000	0.000000	0.000000	0.000000	0.000000	0.000000	0.000000	0.000000	0.000000	0.000000	0.000000	1.000000	0.000000	0.000000	0.000000	0.000000	0.000000	0.000000	0.000000	0.000000	0.000000	0.000000	0.000000	0.000000	0.000000	0.000000	0.000000	0.000000	0.000000	0.000000	0.000000	0.000000	0.000000	0.000000	0.000000	0.000000	0.234825	0.000000	0.000000	0.000000	0.000000	0.000000	0.000000	0.000000	0.000000	0.000000	0.000000	0.000000	0.000000	0.000000	0.000000	0.000000	0.000000	0.000000	0.000000	
100 1
0.000000	0.078310	0.149237	0.190720	0.217769	0.235060	0.510994	0.696006	0.799617	0.849729	0.852609	0.830892	0.831573	0.802081	0.758177	0.706315	0.650262	0.592644	0.535349	0.479708	0.428377	0.384565	0.340484	0.298862	0.260357	0.225109	0.193091	0.164203	0.138306	0.115232	0.094802	0.076826	0.061113	0.182152	0.277597	0.334221	0.369521	0.389722	0.398146	0.397249	0.389078	0.375380	0.357632	0.337067	0.314699	0.291347	0.267662	0.244155	0.221216	0.199138	0.178129	0.158335	0.139846	0.122711	0.106944	0.092532	0.425332	0.628111	0.747617	0.811374	0.835647	0.831342	0.806595	0.767706	0.719586	0.666019	0.609873	0.553272	0.497742	0.444344	0.393783	0.346493	0.302708	0.262519	0.225911	0.192794	0.163031	0.136449	0.112855	0.092043	0.073803	0.087598	0.113424	0.121411	0.123339	0.122319	0.119399	0.115104	0.109795	0.103763	0.097246	0.090446	0.083527	0.076622	0.069840	0.063264	0.056960	0.050975	0.045341	0.040081	
100 1
0.000000	0.133879	0.000000	0.000000	0.000000	0.000000	0.000000	0.000000	0.000000	0.000000	0.000000	0.000000	0.000000	0.000000	1.000000	0.000000	0.000000	0.000000	0.000000	0.000000	0.000000	0.000000	0.000000	0.000000	0.000000	0.000000	0.000000	0.000000	0.000000	0.000000	0.000000	0.000000	0.000000	0.000000	0.000000	0.000000	0.000000	0.000000	0.049169	0.000000	0.000000	0.000000	0.000000	0.000000	0.000000	0.000000	0.000000	0.000000	0.000000	0.000000	0.000000	0.000000	0.000000	0.000000	0.000000	0.000000	0.000000	0.000000	0.000000	0.000000	0.000000	0.000000	0.000000	0.000000	0.000000	0.000000	0.000000	0.000000	0.000000	0.000000	0.000000	0.410560	0.000000	0.000000	0.000000	0.000000	0.000000	0.000000	0.000000	0.683472	0.000000	0.000000	0.000000	0.000000	0.000000	0.000000	0.000000	0.000000	0.000000	0.000000	0.000000	0.000000	0.000000	0.000000	0.000000	0.000000	0.000000	0.000000	0.000000	0.000000	
100 1
0.000000	0.009725	0.029410	0.037757	0.042260	0.044847	0.046138	0.046432	0.045931	0.044802	0.043183	0.041197	0.038944	0.036513	0.394015	0.608298	0.736556	0.806833	0.835855	0.834938	0.812527	0.775163	0.727941	0.674800	0.618731	0.561957	0.506081	0.452225	0.401136	0.353282	0.308922	0.268162	0.230999	0.197352	0.167088	0.140038	0.116009	0.094796	0.077492	0.067639	0.055825	0.044762	0.034980	0.026500	0.019232	0.013062	0.007876	0.003567	0.000033	-0.002820	-0.005077	-0.006820	-0.008119	-0.009039	-0.009640	-0.009973	-0.010085	-0.010017	-0.009804	-0.009478	-0.009066	-0.008591	-0.008072	-0.007526	-0.006967	-0.006407	-0.005854	-0.005315	-0.004797	-0.004303	-0.003837	0.104108	0.193223	0.247608	0.283518	0.306384	0.318961	0.323236	0.320867	0.472373	0.594852	0.660012	0.689905	0.695174	0.682474	0.656832	0.622239	0.581857	0.538152	0.493010	0.447841	0.403674	0.361237	0.321021	0.283338	0.248365	0.216174	0.186762	0.160074	0.136013	
100 1
0.000000	0.090938	0.272175	0.148391	0.000000	0.116888	0.055716	0.284071	0.000000	0.000000	0.281304	0.000000	0.403819	0.050334	0.075187	0.507188	0.162502	0.254340	0.136660	0.149282	0.675168	0.533989	0.623627	0.162939	0.000000	0.000000	0.126299	0.398886	0.000000	0.000000	0.195191	0.494087	0.000000	0.000000	0.205289	0.000000	0.011793	0.066211	0.132612	0.281951	0.047446	0.070654	0.000000	0.125874	0.250930	0.036352	0.000000	0.020555	0.000000	0.148034	0.168399	0.078902	0.144272	0.080216	0.000000	0.404269	0.122286	0.000000	0.173197	0.039694	0.000000	0.084291	0.721221	0.163689	0.000000	0.000000	0.000000	0.000000	0.027399	0.433353	0.171735	0.185828	0.383451	0.098864	0.122837	0.000000	0.000000	0.066697	0.110415	1.000000	0.562361	0.052983	0.177410	0.000000	0.000000	0.127183	0.000000	0.077092	0.114373	0.340655	0.000000	0.000000	0.203473	0.108759	0.062356	0.020850	0.000000	0.083132	0.000000	0.000000	
100 1
0.000000	0.004397	0.069527	0.141089	0.196024	0.228883	0.262730	0.311245	0.364632	0.387355	0.404973	0.443139	0.484717	0.540381	0.563381	0.610451	0.660371	0.676023	0.696197	0.696544	0.742361	0.781520	0.809001	0.869500	0.934236	0.947040	0.920762	0.847000	0.857926	0.829972	0.771678	0.747496	0.775271	0.761796	0.715725	0.700285	0.663429	0.621072	0.579163	0.552091	0.549026	0.528198	0.505490	0.472041	0.458566	0.462458	0.448936	0.425541	0.400256	0.372509	0.364979	0.364417	0.358433	0.358307	0.353268	0.391059	0.437661	0.469051	0.470825	0.485080	0.483309	0.468360	0.593108	0.675066	0.744443	0.767931	0.764020	0.741726	0.708579	0.672820	0.673598	0.661360	0.660289	0.679311	0.673858	0.668717	0.642003	0.607139	0.573203	0.716869	0.773544	0.885505	0.908097	0.945013	0.939021	0.901525	0.872856	0.824951	0.774475	0.716390	0.708824	0.672046	0.618359	0.589990	0.561906	0.530166	0.492224	0.451833	0.421233	0.384609	
100 1
0.000000	0.000000	0.000000	0.034935	0.000000	0.000000	0.000000	0.000000	0.000000	0.000000	0.000000	0.000000	0.000000	0.000000	0.000000	0.448758	0.000000	0.000000	0.000000	0.000000	0.000000	0.000000	0.000000	0.000000	0.000000	0.000000	0.605432	0.000000	0.000000	0.000000	0.000000	0.000000	0.000000	0.000000	0.000000	0.000000	0.000000	0.000000	1.000000	0.000000	0.000000	0.000000	0.000000	0.223443	0.000000	0.000000	0.000000	0.000000	0.000000	0.000000	0.000000	0.000000	0.000000	0.000000	0.000000	0.000000	0.000000	0.000000	0.000000	0.000000	0.000000	0.000000	0.000000	0.000000	0.000000	0.000000	0.000000	0.000000	0.000000	0.000000	0.000000	0.140167	0.000000	0.000000	0.000000	0.000000	0.000000	0.000000	0.143184	0.204077	0.000000	0.000000	0.469120	0.000000	0.000000	0.000000	0.000000	0.000000	0.000000	0.000000	0.000000	0.000000	0.000000	0.000000	0.000000	0.000000	0.000000	0.000000	0.000000	0.000000	
100 1
0.000000	0.000000	0.000000	0.001003	0.005541	0.007131	0.007841	0.008183	0.008305	0.008267	0.008106	0.007847	0.007515	0.007129	0.006705	0.130735	0.229394	0.290157	0.329973	0.354765	0.367692	0.371093	0.366936	0.356918	0.342490	0.324881	0.439726	0.538896	0.588981	0.610620	0.612719	0.600512	0.577902	0.548004	0.513318	0.475816	0.437029	0.398120	0.605518	0.756952	0.834597	0.865169	0.863732	0.816292	0.806913	0.770195	0.721783	0.667608	0.610898	0.553825	0.497913	0.444213	0.393417	0.345948	0.302032	0.261750	0.225081	0.191930	0.162153	0.135574	0.111997	0.091212	0.073007	0.057170	0.043491	0.031769	0.021810	0.013429	0.006455	0.000724	-0.003912	0.003405	0.021484	0.028389	0.031816	0.033687	0.034574	0.034723	0.044326	0.092732	0.135570	0.156936	0.274908	0.375228	0.432697	0.465685	0.481312	0.483623	0.475668	0.459970	0.438638	0.413413	0.385713	0.356669	0.327168	0.297894	0.269363	0.241952	0.215927	0.191464	
100 1
0.000000	0.000000	0.000000	0.000000	0.000000	0.000000	0.000000	0.000000	0.000000	0.000000	0.000000	0.000000	0.000000	0.000000	1.000000	0.000000	0.000000	0.000000	0.000000	0.000000	0.000000	0.000000	0.000000	0.000000	0.000000	0.000000	0.000000	0.000000	0.000000	0.000000	0.000000	0.446158	0.000000	0.000000	0.000000	0.000000	0.000000	0.000000	0.000000	0.000000	0.000000	0.000000	0.000000	0.000000	0.000000	0.000000	0.000000	0.000000	0.000000	0.000000	0.000000	0.000000	0.000000	0.000000	0.000000	0.354943	0.000000	0.000000	0.000000	0.000000	0.000000	0.000000	0.000000	0.000000	0.000000	0.000000	0.196947	0.000000	0.000000	0.000000	0.000000	0.000000	0.000000	0.000000	0.000000	0.000000	0.000000	0.000000	0.000000	0.000000	0.000000	0.000000	0.000000	0.875477	0.000000	0.000000	0.000000	0.583804	0.000000	0.000000	0.000000	0.000000	0.000000	0.000000	0.000000	0.000000	0.000000	0.000000	0.000000	0.015354	
100 1
0.000000	0.000000	0.000000	0.000000	0.000000	0.000000	0.000000	0.000000	0.000000	0.000000	0.000000	0.000000	0.000000	0.000000	0.371525	0.591797	0.725002	0.799276	0.831436	0.832942	0.812372	0.776372	0.730130	0.677662	0.622026	0.565496	0.509723	0.455864	0.404695	0.356707	0.312175	0.352723	0.400953	0.416435	0.417111	0.408917	0.394568	0.375836	0.354092	0.330432	0.305739	0.280710	0.255887	0.231684	0.208410	0.186283	0.165453	0.146014	0.128014	0.111464	0.096349	0.082632	0.070261	0.059172	0.049291	0.116718	0.180207	0.214836	0.235848	0.247942	0.253227	0.253101	0.248685	0.240934	0.230664	0.218568	0.216443	0.230742	0.228362	0.220299	0.209629	0.197471	0.184428	0.170920	0.157275	0.143749	0.130544	0.117814	0.105675	0.094207	0.083464	0.073478	0.064260	0.363932	0.553013	0.667862	0.732935	0.743457	0.825854	0.851580	0.844773	0.817194	0.775763	0.725466	0.670074	0.612422	0.554595	0.498081	0.443907	0.393585	
100 1
0.000000	0.000000	0.000000	0.000000	0.000000	0.646463	1.000000	0.000000	0.000000	0.000000	0.000000	0.000000	0.000000	0.000000	0.000000	0.000000	0.000000	0.000000	0.000000	0.000000	0.000000	0.000000	0.000000	0.000000	0.000000	0.000000	0.000000	0.000000	0.000000	0.000000	0.000000	0.000000	0.000000	0.000000	0.000000	0.000000	0.000000	0.000000	0.000000	0.000000	0.000000	0.000000	0.000000	0.000000	0.000000	0.000000	0.000000	0.000000	0.000000	0.000000	0.000000	0.000000	0.000000	0.000000	0.000000	0.000000	0.000000	0.000000	0.000000	0.000000	0.000000	0.000000	0.000000	0.000000	0.000000	0.000000	0.000000	0.000000	0.000000	0.000000	0.000000	0.000000	0.000000	0.000000	0.000000	0.000000	0.000000	0.000000	0.000000	0.000000	0.000000	0.000000	0.000000	0.000000	0.000000	0.000000	0.000000	0.000000	0.000000	0.000000	0.000000	0.000000	0.000000	0.000000	0.000000	0.000000	0.000000	0.000000	0.000000	0.000000	
100 1
0.000000	0.000000	0.000000	0.000000	0.000000	0.222323	0.571041	0.795215	0.916239	0.971524	0.983249	0.964694	0.925075	0.871350	0.808907	0.741880	0.673367	0.605611	0.540173	0.478087	0.419991	0.366230	0.316941	0.272111	0.231628	0.195312	0.162939	0.134261	0.109014	0.086933	0.067751	0.051208	0.037054	0.025050	0.014968	0.006597	-0.000263	-0.005795	-0.010168	-0.013537	-0.016044	-0.017814	-0.018962	-0.019590	-0.019789	-0.019638	-0.019206	-0.018556	-0.017740	-0.016801	-0.015779	-0.014707	-0.013609	-0.012510	-0.011425	-0.010370	-0.009356	-0.008390	-0.007478	-0.006625	-0.005832	-0.005100	-0.004429	-0.003818	-0.003265	-0.002767	-0.002322	-0.001926	-0.001576	-0.001269	-0.001001	-0.000769	-0.000570	-0.000400	-0.000257	-0.000137	-0.000038	0.000042	0.000106	0.000156	0.000194	0.000222	0.000241	0.000252	0.000257	0.000257	0.000254	0.000246	0.000237	0.000225	0.000212	0.000199	0.000185	0.000170	0.000156	0.000142	0.000128	0.000116	0.000103	0.000092	
100 1
0.170808	0.000000	0.000000	0.047547	0.004994	0.000000	0.000000	0.000000	0.459094	0.000000	0.000000	0.000000	0.000000	0.000000	0.204906	0.149572	0.051393	0.102886	0.000000	0.703254	0.039882	0.241776	0.000000	0.000000	0.165049	0.285436	0.000000	0.000000	0.000000	0.000000	0.000000	0.000000	0.306574	0.000000	0.000000	0.272403	0.796683	0.267077	0.000000	0.000000	0.299059	0.000000	0.000000	0.037866	0.319701	0.201568	0.854681	0.051067	0.000000	0.089614	0.000000	0.000000	0.000000	0.000000	0.000000	0.000000	0.386027	0.537834	0.000000	0.075147	0.000000	0.000000	0.016897	0.113412	0.081970	0.091686	0.000000	0.000000	0.109764	0.000000	0.000000	1.000000	0.036641	0.031795	0.000000	0.000000	0.476492	0.000000	0.000000	0.000000	0.569638	0.000000	0.360499	0.079412	0.062780	0.164479	0.000000	0.055028	0.010165	0.000000	0.256218	0.263608	0.169789	0.521689	0.105029	0.145223	0.000000	0.279549	0.049974	0.000000	
100 1
0.016690	0.043451	0.055736	0.064022	0.074505	0.079526	0.081379	0.081364	0.197260	0.292565	0.348765	0.383350	0.402623	0.409982	0.408228	0.423891	0.437661	0.436008	0.435786	0.558510	0.662131	0.687791	0.736764	0.744874	0.720119	0.691575	0.699361	0.675897	0.639509	0.596707	0.550632	0.503316	0.468892	0.468383	0.445189	0.424850	0.606354	0.692372	0.788308	0.827096	0.790861	0.810909	0.793780	0.760542	0.703018	0.680223	0.765571	0.856161	0.900812	0.899716	0.889508	0.854990	0.806685	0.750193	0.689374	0.627045	0.581435	0.644360	0.708823	0.722674	0.724450	0.704345	0.672872	0.633788	0.603875	0.572411	0.544021	0.504865	0.463436	0.435808	0.399844	0.607208	0.751219	0.830973	0.867620	0.869075	0.807164	0.835254	0.820468	0.785277	0.751555	0.786654	0.746571	0.756346	0.746073	0.712340	0.695754	0.659883	0.623391	0.579752	0.531721	0.523689	0.523632	0.590702	0.646830	0.666793	0.686885	0.659522	0.668291	0.656366	
100 1
0.000000	0.000000	0.000000	0.096646	0.190401	0.147992	0.247116	0.544851	0.000000	0.000000	0.454313	0.000000	0.397523	0.476347	0.179818	0.000000	0.000000	0.000000	0.000000	0.000000	0.000000	0.000000	0.171155	0.000000	0.000000	0.372700	0.000000	0.000000	0.170018	0.499891	0.000000	0.478585	0.623802	0.000000	0.000000	0.000000	0.000000	0.000000	0.280018	0.048384	0.139304	0.187068	0.000000	0.000000	0.000000	0.000000	0.000000	0.045207	0.000000	0.000000	0.154891	0.031014	0.000000	0.000000	0.380275	0.000000	0.344218	0.000000	0.000000	0.138796	0.000000	0.000000	0.281586	0.000000	0.045116	0.000000	0.000000	0.000000	0.263468	0.609208	0.000000	0.000000	0.000000	0.000000	0.765708	0.109371	0.391597	0.000000	0.679293	0.000000	0.263795	0.000000	0.000000	0.000000	0.070048	0.060088	0.000000	0.000000	0.224822	0.000000	0.000000	0.000000	0.053794	0.000000	0.000000	1.000000	0.000000	0.000000	0.514182	0.000000	
100 1
0.000000	0.000000	0.000000	0.004947	0.043731	0.096785	0.176040	0.379479	0.522907	0.606942	0.643017	0.723460	0.718672	0.748726	0.783712	0.824085	0.822696	0.798439	0.759859	0.712164	0.659133	0.603589	0.545750	0.513597	0.469323	0.456217	0.472351	0.460941	0.438440	0.512734	0.583196	0.623777	0.718228	0.829574	0.875906	0.882791	0.863751	0.827003	0.756497	0.735722	0.691822	0.649687	0.627495	0.586071	0.539203	0.491133	0.443631	0.399286	0.361870	0.323187	0.290013	0.276414	0.256164	0.231949	0.272514	0.320391	0.372866	0.433486	0.458937	0.463512	0.477128	0.471142	0.461137	0.479335	0.471898	0.459602	0.438011	0.411974	0.394040	0.530098	0.633497	0.682752	0.699964	0.695451	0.738808	0.804038	0.790260	0.843712	0.821858	0.895252	0.862862	0.882173	0.862849	0.823997	0.775876	0.730713	0.684178	0.629552	0.569271	0.543235	0.500683	0.454907	0.411237	0.375112	0.336705	0.569099	0.729318	0.814435	0.792069	0.863499	
