10
100 1
0.000000	0.000000	0.000000	0.000000	0.000000	0.000000	0.000000	1.000000	0.953274	0.000000	0.398733	0.000000	0.000000	0.000000	0.000000	0.000000	0.000000	0.000000	0.000000	0.000000	0.000000	0.000000	0.000000	0.000000	0.000000	0.000000	0.000000	0.000000	0.000000	0.000000	0.000000	0.000000	0.000000	0.143018	0.000000	0.000000	0.000000	0.000000	0.000000	0.000000	0.000000	0.000000	0.000000	0.000000	0.000000	0.000000	0.000000	0.000000	0.000000	0.000000	0.000000	0.000000	0.000000	0.000000	0.000000	0.000000	0.000000	0.000000	0.000000	0.000000	0.000000	0.000000	0.000000	0.000000	0.000000	0.000000	0.000000	0.000000	0.000000	0.000000	0.000000	0.000000	0.000000	0.000000	0.000000	0.000000	0.000000	0.000000	0.000000	0.000000	0.000000	0.000000	0.000000	0.000000	0.000000	0.000000	0.000000	0.000000	0.000000	0.000000	0.000000	0.000000	0.515213	0.000000	0.000000	0.000000	0.000000	0.000000	0.000000	0.000000	
100 1
0.000813	-0.042029	-0.071081	-0.067090	-0.056948	-0.044111	-0.031617	0.487626	0.623792	0.845104	0.868225	1.015910	1.068370	1.085401	1.072395	1.042390	1.001625	0.953880	0.901352	0.845459	0.787249	0.727618	0.667426	0.607532	0.548792	0.492029	0.437995	0.387328	0.340519	0.297889	0.259594	0.225625	0.195845	0.231424	0.223896	0.203680	0.183514	0.162547	0.143106	0.125748	0.110669	0.097784	0.086901	0.077782	0.070189	0.063893	0.058692	0.054406	0.050883	0.047991	0.045620	0.043679	0.042092	0.040794	0.039734	0.038868	0.038162	0.037585	0.037115	0.036731	0.036418	0.036163	0.035955	0.035786	0.035648	0.035535	0.035443	0.035369	0.035308	0.035258	0.035218	0.035185	0.035158	0.035136	0.035118	0.035104	0.035092	0.035082	0.035074	0.035068	0.035063	0.035058	0.035055	0.035052	0.035050	0.035048	0.035046	0.035045	0.035044	0.035043	0.035043	0.035042	0.298092	0.380570	0.377918	0.365417	0.336639	0.303004	0.268563	0.235816	
100 1
0.000000	0.000000	0.000000	0.000000	0.000000	0.000000	0.027555	0.000000	0.187252	0.000000	0.066118	0.103507	0.075717	0.000000	0.170823	0.539828	0.000000	0.037706	1.000000	0.000000	0.186186	0.230512	0.000000	0.000000	0.189388	0.000000	0.000000	0.317078	0.000000	0.000000	0.031461	0.000000	0.000000	0.000000	0.308135	0.355544	0.000000	0.000000	0.000000	0.000000	0.055644	0.000000	0.000000	0.190200	0.540790	0.000000	0.265764	0.213826	0.000000	0.000000	0.000000	0.000000	0.173350	0.000000	0.000000	0.101841	0.000000	0.000000	0.000000	0.000000	0.049081	0.446198	0.073977	0.000000	0.141825	0.000000	0.000000	0.000000	0.439510	0.132579	0.191925	0.000000	0.000000	0.000000	0.000000	0.000000	0.000000	0.000000	0.345344	0.000000	0.000000	0.000000	0.000000	0.084883	0.050682	0.006787	0.000000	0.000000	0.000000	0.000000	0.000000	0.000000	0.000000	0.000000	0.327497	0.000000	0.000000	0.000000	0.000000	0.186714	
100 1
0.000813	-0.042029	-0.071081	-0.067090	-0.056948	-0.044111	-0.013562	-0.002686	0.110069	0.127248	0.154398	0.197861	0.226349	0.220334	0.267872	0.410582	0.499167	0.510028	0.609593	0.863609	0.887812	0.918626	0.974498	0.980504	0.935284	0.939428	0.911286	0.835692	0.856377	0.831631	0.795415	0.753084	0.701599	0.646273	0.610533	0.621294	0.661243	0.651685	0.623786	0.580763	0.541314	0.499204	0.451395	0.446823	0.508659	0.591248	0.598720	0.637056	0.662381	0.649401	0.617334	0.572565	0.546999	0.527207	0.487326	0.466554	0.437120	0.396932	0.355987	0.315127	0.295184	0.398006	0.463646	0.463206	0.471825	0.462963	0.431491	0.394047	0.453301	0.517026	0.539873	0.558912	0.539703	0.506167	0.462950	0.416699	0.370695	0.326919	0.387866	0.411003	0.389546	0.362245	0.326997	0.320067	0.313332	0.291025	0.262760	0.233576	0.205444	0.179675	0.156795	0.136890	0.119820	0.105334	0.244678	0.275346	0.263462	0.246839	0.222844	0.270305	
100 1
0.000000	0.000000	0.000000	0.000000	0.000000	0.000000	0.000000	0.000000	0.000000	0.000000	0.000000	0.000000	0.000000	0.000000	0.000000	0.000000	0.000000	0.000000	0.000000	0.000000	0.000000	0.000000	0.000000	0.000000	0.000000	0.000000	0.000000	0.000000	0.000000	0.000000	0.000000	0.000000	0.000000	0.000000	1.000000	0.000000	0.000000	0.000000	0.000000	0.000000	0.000000	0.000000	0.000000	0.000000	0.000000	0.000000	0.000000	0.000000	0.000000	0.000000	0.000000	0.000000	0.000000	0.000000	0.000000	0.000000	0.000000	0.000000	0.000000	0.000000	0.000000	0.000000	0.000000	0.000000	0.000000	0.000000	0.000000	0.000000	0.000000	0.000000	0.000000	0.000000	0.000000	0.000000	0.000000	0.000000	0.000000	0.000000	0.000000	0.000000	0.000000	0.000000	0.000000	0.000000	0.000000	0.000000	0.000000	0.000000	0.000000	0.000000	0.000000	0.000000	0.000000	0.000000	0.000000	0.000000	0.000000	0.000000	0.000000	0.000000	
100 1
0.000813	-0.042029	-0.071081	-0.067090	-0.056948	-0.044111	-0.031617	-0.020368	-0.010667	-0.002486	0.004320	0.009938	0.014553	0.018332	0.021420	0.023940	0.025996	0.027671	0.029037	0.030150	0.031056	0.031794	0.032396	0.032886	0.033285	0.033610	0.033875	0.034091	0.034266	0.034410	0.034526	0.034621	0.034699	0.034762	0.500745	0.776018	0.822956	0.855059	0.842818	0.809600	0.763547	0.710509	0.653943	0.596138	0.538714	0.482901	0.429660	0.379727	0.333633	0.291712	0.254108	0.220806	0.191653	0.166398	0.144720	0.126262	0.110657	0.097542	0.086577	0.077449	0.069878	0.063618	0.058455	0.054206	0.050715	0.047851	0.045505	0.043585	0.042014	0.040730	0.039682	0.038825	0.038127	0.037557	0.037091	0.036712	0.036403	0.036151	0.035945	0.035778	0.035641	0.035530	0.035439	0.035365	0.035305	0.035256	0.035216	0.035183	0.035156	0.035135	0.035117	0.035103	0.035091	0.035082	0.035074	0.035067	0.035062	0.035058	0.035055	0.035052	
100 1
0.000000	0.000000	0.000000	0.000000	0.000000	0.000000	0.000000	0.000000	0.000000	0.000000	0.000000	0.000000	0.000000	0.000000	0.000000	0.000000	0.000000	0.000000	0.000000	0.000000	0.000000	0.000000	0.000000	0.000000	0.000000	0.000000	0.000000	0.000000	0.000000	0.000000	0.000000	0.000000	0.000000	0.000000	1.000000	0.000000	0.000000	0.000000	0.000000	0.000000	0.000000	0.000000	0.000000	0.000000	0.000000	0.000000	0.000000	0.000000	0.000000	0.000000	0.000000	0.000000	0.000000	0.000000	0.000000	0.000000	0.000000	0.000000	0.000000	0.000000	0.000000	0.000000	0.000000	0.000000	0.000000	0.000000	0.000000	0.000000	0.000000	0.000000	0.000000	0.000000	0.000000	0.000000	0.000000	0.000000	0.000000	0.000000	0.000000	0.000000	0.000000	0.000000	0.000000	0.000000	0.000000	0.000000	0.000000	0.000000	0.000000	0.000000	0.000000	0.000000	0.000000	0.000000	0.000000	0.000000	0.000000	0.000000	0.000000	0.000000	
100 1
0.000813	-0.042029	-0.071081	-0.067090	-0.056948	-0.044111	-0.031617	-0.020368	-0.010667	-0.002486	0.004320	0.009938	0.014553	0.018332	0.021420	0.023940	0.025996	0.027671	0.029037	0.030150	0.031056	0.031794	0.032396	0.032886	0.033285	0.033610	0.033875	0.034091	0.034266	0.034410	0.034526	0.034621	0.034699	0.034762	0.500745	0.776018	0.822956	0.855059	0.842818	0.809600	0.763547	0.710509	0.653943	0.596138	0.538714	0.482901	0.429660	0.379727	0.333633	0.291712	0.254108	0.220806	0.191653	0.166398	0.144720	0.126262	0.110657	0.097542	0.086577	0.077449	0.069878	0.063618	0.058455	0.054206	0.050715	0.047851	0.045505	0.043585	0.042014	0.040730	0.039682	0.038825	0.038127	0.037557	0.037091	0.036712	0.036403	0.036151	0.035945	0.035778	0.035641	0.035530	0.035439	0.035365	0.035305	0.035256	0.035216	0.035183	0.035156	0.035135	0.035117	0.035103	0.035091	0.035082	0.035074	0.035067	0.035062	0.035058	0.035055	0.035052	
100 1
0.000000	0.044860	0.000000	0.516083	0.000000	0.123389	0.000000	0.000000	0.677328	0.000000	0.000000	0.000000	0.000000	0.000000	0.188951	0.000000	0.000000	0.000000	0.000000	0.000000	0.000000	0.771924	0.000000	0.083023	0.000000	0.000000	0.000000	0.000000	0.000000	0.520380	0.712491	0.081206	0.000000	0.436159	0.000000	0.000000	0.000000	0.111517	0.000000	0.000000	0.297183	0.000000	0.183004	0.000000	0.000000	0.000000	0.803600	0.175488	0.000000	0.000000	0.073283	0.000000	0.000000	0.016498	0.022538	0.000000	0.400781	0.042784	0.000000	1.000000	0.000000	0.000000	0.000000	0.000000	0.000000	0.000000	0.000000	0.000000	0.000000	0.000000	0.000000	0.111612	0.000000	0.000000	0.000000	0.000000	0.000000	0.000000	0.000000	0.684628	0.000000	0.000000	0.000000	0.000000	0.000000	0.000000	0.000000	0.000000	0.000000	0.453356	0.000000	0.000000	0.333939	0.000000	0.000000	0.000000	0.000000	0.000000	0.000000	0.000000	
100 1
0.000813	0.000793	-0.036320	0.297875	0.373336	0.388705	0.391357	0.365948	0.499850	0.627252	0.634644	0.626179	0.592092	0.547265	0.526854	0.510645	0.472540	0.430949	0.386229	0.342370	0.301022	0.508130	0.671333	0.686823	0.702497	0.679285	0.640500	0.591934	0.539358	0.552882	0.601440	0.743151	0.799638	0.761766	0.840581	0.844874	0.827790	0.787932	0.762097	0.717758	0.671676	0.679546	0.654541	0.650524	0.616013	0.572887	0.612950	0.763967	0.814664	0.833880	0.815565	0.793990	0.752955	0.704880	0.655794	0.604470	0.583730	0.619747	0.603975	0.646709	0.895272	0.946138	0.978125	0.968646	0.938697	0.895815	0.845200	0.789864	0.731784	0.672392	0.612856	0.570524	0.533846	0.486627	0.438876	0.391001	0.345381	0.303048	0.264592	0.465112	0.595259	0.601032	0.592628	0.558945	0.515037	0.466623	0.417609	0.370232	0.325820	0.416753	0.467807	0.452912	0.482168	0.509833	0.489848	0.459583	0.419070	0.375874	0.333159	0.292855	
100 1
0.000000	0.043652	0.000000	0.000000	0.000000	0.000000	0.000000	0.000000	0.000000	0.000000	0.000000	0.000000	0.000000	0.000000	0.000000	1.000000	0.000000	0.000000	0.000000	0.000000	0.400266	0.000000	0.000000	0.000000	0.000000	0.000000	0.000000	0.000000	0.000000	0.000000	0.000000	0.000000	0.000000	0.000000	0.000000	0.000000	0.000000	0.000000	0.000000	0.000000	0.000000	0.000000	0.000000	0.000000	0.000000	0.000000	0.000000	0.000000	0.000000	0.000000	0.000000	0.000000	0.000000	0.000000	0.000000	0.000000	0.000000	0.000000	0.000000	0.000000	0.000000	0.000000	0.000000	0.000000	0.000000	0.000000	0.000000	0.000000	0.000000	0.000000	0.626565	0.000000	0.000000	0.000000	0.000000	0.000000	0.000000	0.000000	0.000000	0.000000	0.000000	0.000000	0.000000	0.000000	0.000000	0.000000	0.000000	0.000000	0.000000	0.000000	0.000000	0.000000	0.000000	0.000000	0.000000	0.000000	0.000000	0.000000	0.000000	0.000000	
100 1
0.000813	-0.000352	-0.037278	-0.040721	-0.035505	-0.026902	-0.017787	-0.009257	-0.001731	0.004710	0.010123	0.014625	0.018343	0.021400	0.023906	0.497875	0.773733	0.820783	0.853013	0.840809	0.770166	0.814223	0.798607	0.768648	0.723444	0.671087	0.615227	0.558421	0.502386	0.448374	0.397305	0.349842	0.306417	0.267258	0.232414	0.201784	0.175148	0.152211	0.132625	0.116026	0.102046	0.090337	0.080575	0.072468	0.065757	0.060218	0.055656	0.051906	0.048828	0.046305	0.044239	0.042549	0.041167	0.040039	0.039117	0.038365	0.037751	0.037250	0.036841	0.036508	0.036237	0.036015	0.035835	0.035687	0.035568	0.035470	0.035390	0.035325	0.035272	0.035229	0.354658	0.474374	0.478964	0.470858	0.440095	0.401117	0.359259	0.318021	0.279232	0.243828	0.212196	0.184390	0.160261	0.139543	0.121908	0.107008	0.094496	0.084043	0.075348	0.068141	0.062185	0.057275	0.053236	0.049920	0.047200	0.044971	0.043148	0.041657	0.040439	0.039444	
100 1
0.000000	0.000000	0.000000	0.000000	0.000000	0.000000	0.000000	0.000000	0.000000	0.000000	0.000000	0.000000	0.627326	0.000000	0.000000	0.000000	0.000000	0.000000	0.000000	0.000000	0.000000	0.000000	0.000000	0.000000	0.000000	0.000000	0.000000	0.000000	0.000000	0.000000	0.095022	1.000000	0.000000	0.000000	0.000000	0.596823	0.000000	0.155474	0.000000	0.000000	0.000000	0.000000	0.000000	0.000000	0.000000	0.000000	0.452168	0.000000	0.308462	0.000000	0.000000	0.000000	0.000000	0.936187	0.192946	0.000000	0.000000	0.000000	0.000000	0.000000	0.000000	0.000000	0.000000	0.000000	0.000000	0.000000	0.000000	0.678400	0.000000	0.000000	0.000000	0.000000	0.000000	0.000000	0.000000	0.000000	0.000000	0.000000	0.000000	0.000000	0.000000	0.000000	0.000000	0.000000	0.000000	0.000000	0.000000	0.000000	0.000000	0.000000	0.000000	0.000000	0.000000	0.135999	0.000000	0.000000	0.000000	0.000000	0.000000	0.000000	
100 1
0.000813	-0.042029	-0.071081	-0.067090	-0.056948	-0.044111	-0.031617	-0.020368	-0.010667	-0.002486	0.004320	0.009938	0.346128	0.467463	0.472593	0.465068	0.434748	0.396189	0.354746	0.313930	0.275564	0.240578	0.209349	0.181921	0.158138	0.137733	0.120376	0.105720	0.093418	0.083145	0.124590	0.515519	0.783329	0.835273	0.869303	0.772319	0.882522	0.875588	0.899407	0.881528	0.847228	0.800573	0.747270	0.690352	0.631916	0.573482	0.565571	0.610130	0.600650	0.634172	0.615485	0.583138	0.538372	0.624514	0.819691	0.889109	0.926766	0.922803	0.894843	0.852533	0.801816	0.746250	0.688129	0.629079	0.570373	0.513074	0.458085	0.541816	0.662118	0.665374	0.654041	0.618204	0.572030	0.520998	0.468896	0.417978	0.369665	0.324835	0.283987	0.247342	0.214914	0.186559	0.162026	0.140994	0.123109	0.108003	0.095321	0.084726	0.075912	0.068606	0.062568	0.057590	0.053495	0.122785	0.128220	0.120562	0.112009	0.101569	0.091492	0.082337	
100 1
0.524514	0.269121	0.447542	0.000000	0.005470	0.033792	0.111829	0.236890	0.076484	0.000000	0.100189	0.017489	0.094555	0.067995	0.032339	0.056735	0.025487	0.083836	0.065419	0.138330	0.207726	0.227275	0.000000	0.280071	0.056122	0.124782	0.293333	0.094633	0.732073	0.000000	0.078960	0.619276	0.129509	0.000000	0.074728	0.034679	0.580872	0.000000	0.108909	0.022568	0.245493	0.173798	0.436166	0.013869	0.000000	0.188552	0.108112	0.092711	0.171041	0.288950	0.634057	0.052647	0.092981	0.107172	0.000000	0.065725	0.113525	0.192060	0.175853	0.353878	0.000000	0.047485	0.106772	0.013744	0.039216	0.000000	0.191609	0.335966	0.000000	0.000000	0.152216	0.144988	0.040744	0.084531	0.249474	0.183326	0.039319	0.028917	0.128815	0.267632	0.032053	0.015655	0.381355	0.128424	0.182948	0.052835	0.294052	0.113663	0.103367	1.000000	0.107467	0.369124	0.101086	0.388196	0.000000	0.159016	0.061356	0.071566	0.028609	0.114245	
100 1
0.245515	0.379849	0.437020	0.489339	0.472361	0.455030	0.446684	0.466534	0.485481	0.472000	0.463550	0.445901	0.434292	0.427039	0.409632	0.394892	0.374257	0.367061	0.362908	0.376625	0.411493	0.454089	0.471047	0.492047	0.523408	0.528298	0.546898	0.581371	0.596238	0.752581	0.776941	0.720941	0.831047	0.877138	0.881281	0.874441	0.773284	0.872116	0.867992	0.876627	0.831045	0.830747	0.781105	0.854148	0.860502	0.828700	0.824970	0.812249	0.789689	0.765488	0.715363	0.839563	0.867363	0.881682	0.888621	0.861962	0.830944	0.799171	0.788360	0.758283	0.807384	0.799166	0.780056	0.763145	0.728920	0.689969	0.650876	0.639340	0.668616	0.651045	0.629501	0.623558	0.616313	0.598821	0.591414	0.609089	0.619548	0.606694	0.590908	0.589346	0.606715	0.590362	0.583172	0.626786	0.636111	0.654373	0.643407	0.673958	0.678517	0.662676	0.892589	0.883015	0.985497	0.945021	1.041317	1.030701	1.049792	1.039840	1.029507	0.990505	
100 1
0.000000	0.062860	0.197561	0.000000	0.000000	0.151090	0.000000	0.000000	0.024297	0.000000	0.000000	0.000000	0.024024	0.000000	0.150530	0.000000	0.000000	0.054359	0.005815	0.086059	0.000000	0.019669	0.000000	0.000000	0.021423	0.000000	0.000000	0.064640	0.098663	0.007595	0.421731	0.068887	0.000000	0.000000	0.000000	0.069292	0.350031	0.051060	0.000000	0.000000	0.000000	0.130180	0.049260	0.139851	0.000000	0.025106	0.076453	0.000000	0.000000	0.075279	0.000000	0.011352	0.000000	0.079203	0.151552	0.090675	0.151961	0.000000	0.205585	0.000000	0.000000	0.000000	0.000000	0.213284	0.004782	0.000000	0.082259	0.073770	0.250470	1.000000	0.076068	0.000000	0.034887	0.028258	0.000000	0.079294	0.300215	0.000000	0.000000	0.181501	0.120562	0.000000	0.142801	0.000000	0.000000	0.182840	0.171969	0.083394	0.000000	0.034799	0.000000	0.000000	0.000000	0.000000	0.140814	0.000000	0.012139	0.120156	0.000000	0.000000	
100 1
0.000813	0.017804	0.119182	0.115137	0.099327	0.165527	0.167861	0.155157	0.153808	0.140429	0.125650	0.111962	0.112311	0.102596	0.166123	0.169239	0.157222	0.169930	0.161852	0.186220	0.178406	0.171617	0.156892	0.140175	0.135482	0.122409	0.109209	0.130886	0.170473	0.170615	0.319075	0.390246	0.391890	0.377799	0.349019	0.337475	0.400733	0.440830	0.431293	0.408008	0.373480	0.373202	0.368338	0.380104	0.369367	0.348745	0.344150	0.320543	0.289200	0.285841	0.263527	0.240361	0.214677	0.223287	0.264882	0.291852	0.328699	0.329260	0.364388	0.369537	0.346245	0.317520	0.284196	0.323396	0.323918	0.300011	0.302454	0.307943	0.359153	0.559862	0.805924	0.881102	0.923443	0.927158	0.910510	0.870311	0.810943	0.830126	0.806297	0.764563	0.752379	0.738035	0.705507	0.687966	0.647461	0.615312	0.610835	0.610778	0.593925	0.564105	0.525833	0.479424	0.431391	0.383848	0.379896	0.358823	0.329187	0.335788	0.317988	0.288472	
100 1
0.000000	0.057790	0.000000	0.000000	0.704216	0.000000	0.088383	0.000000	0.000000	0.078702	1.000000	0.000000	0.000000	0.000000	0.000000	0.000000	0.000000	0.289566	0.000000	0.000000	0.000000	0.000000	0.450929	0.000000	0.120649	0.000000	0.266916	0.000000	0.000000	0.000000	0.644104	0.000000	0.000000	0.000000	0.000000	0.000000	0.525092	0.000000	0.000000	0.000000	0.000000	0.000000	0.000000	0.000000	0.000000	0.051504	0.093851	0.490873	0.188922	0.000000	0.000000	0.000000	0.000000	0.000000	0.000000	0.000000	0.000000	0.000000	0.000000	0.000000	0.000000	0.000000	0.000000	0.229350	0.000000	0.000000	0.000000	0.000000	0.693217	0.000000	0.581962	0.261364	0.000000	0.000000	0.060511	0.000000	0.000000	0.000000	0.000000	0.339555	0.000000	0.000000	0.000000	0.000000	0.309885	0.488896	0.000000	0.000000	0.235628	0.358138	0.000000	0.000000	0.000000	0.000000	0.000000	0.000000	0.000000	0.000000	0.000000	0.000000	
100 1
0.000813	0.013021	-0.025996	-0.031785	0.392476	0.541876	0.554528	0.564647	0.538813	0.515054	0.622175	0.871424	0.921483	0.952823	0.942334	0.911312	0.867407	0.794940	0.802328	0.770618	0.729420	0.678432	0.636872	0.682498	0.667950	0.660931	0.635227	0.645510	0.616432	0.577470	0.590340	0.698967	0.701167	0.687628	0.650614	0.603353	0.591986	0.660296	0.649178	0.624947	0.583157	0.534398	0.483013	0.431952	0.382979	0.354170	0.348761	0.440204	0.523857	0.549760	0.544171	0.516491	0.476207	0.430920	0.384801	0.340293	0.298767	0.260939	0.227104	0.197289	0.171338	0.148986	0.129906	0.218550	0.229333	0.214649	0.197734	0.177033	0.434435	0.572920	0.576450	0.683941	0.750768	0.770389	0.757125	0.733384	0.691488	0.641752	0.587572	0.567592	0.583051	0.554374	0.517939	0.472505	0.481973	0.532278	0.606335	0.610390	0.606299	0.617658	0.663153	0.655267	0.628614	0.586180	0.536970	0.485326	0.434068	0.384921	0.338960	0.296819	
