10
100 1
0.000000	0.000000	0.019141	0.000000	0.000000	0.000000	0.361470	0.608365	0.078610	0.000000	0.366606	0.336951	0.000000	0.000000	0.000000	0.531549	0.000000	0.000000	0.519349	0.847671	0.000000	0.000000	0.039331	0.000000	0.739919	0.000000	0.000000	0.000000	0.477863	0.000000	0.000000	0.021042	0.000000	0.000000	0.000000	0.000000	0.154333	0.000000	0.000000	0.000000	0.000000	0.000000	0.145565	0.000000	0.000000	0.283386	0.000000	0.114484	0.000000	0.000000	0.000000	0.053786	0.244104	0.000000	1.000000	0.016615	0.000000	0.000000	0.000000	0.063303	0.000000	0.583607	0.000000	0.000000	0.000000	0.000000	0.000000	0.000000	0.000000	0.213316	0.000000	0.000000	0.385168	0.000000	0.000000	0.000000	0.000000	0.045255	0.072924	0.000000	0.000000	0.055897	0.508225	0.166837	0.000000	0.000000	0.000000	0.148764	0.259240	0.000000	0.031692	0.000000	0.000000	0.185143	0.000000	0.172730	0.041089	0.000000	0.000000	0.000000	
100 1
0.000000	0.000000	0.011200	0.014825	0.014272	0.012105	0.220117	0.620510	0.733568	0.663334	0.708774	0.769889	0.673804	0.531520	0.399019	0.522380	0.498077	0.412607	0.538653	0.827526	0.819510	0.687191	0.550383	0.420192	0.606728	0.596334	0.500533	0.390942	0.492229	0.463143	0.381675	0.303938	0.229545	0.165564	0.113365	0.072069	0.117923	0.117569	0.097249	0.072753	0.050223	0.031673	0.095749	0.109497	0.098333	0.231340	0.256892	0.289162	0.262313	0.213881	0.164389	0.149484	0.249200	0.256548	0.690095	0.762310	0.662946	0.522054	0.392051	0.315622	0.241610	0.438147	0.454106	0.389507	0.307169	0.230708	0.166574	0.114976	0.074448	0.150948	0.159798	0.137681	0.301743	0.327528	0.287840	0.230299	0.174515	0.149915	0.155445	0.135022	0.105957	0.107007	0.351226	0.483550	0.461554	0.382666	0.296389	0.292194	0.372075	0.350642	0.304480	0.242338	0.182405	0.221653	0.205848	0.252521	0.255469	0.218678	0.171664	0.127324	
100 1
0.000000	0.005755	0.000000	0.356404	0.000000	0.000000	0.000000	0.223173	0.461018	0.162592	0.000000	0.000000	0.000000	0.000000	0.172976	0.207339	0.000000	0.362702	0.300950	0.000000	0.408393	0.000000	0.224916	0.000000	0.000000	0.000000	0.198363	0.000000	0.000000	0.554252	0.250529	0.233014	0.401931	0.171265	0.000000	0.000000	0.216879	0.000000	0.000000	0.514351	0.258792	0.420067	0.005717	0.000000	0.000000	0.307312	0.166020	0.193266	0.044110	0.000000	0.000000	0.000000	0.000000	0.442619	0.043123	0.000000	0.086837	0.000000	0.000000	0.000000	0.000000	0.000000	1.000000	0.000000	0.000000	0.000000	0.000000	0.513472	0.460366	0.000000	0.432521	0.000000	0.214617	0.002736	0.133846	0.263034	0.101922	0.000000	0.201735	0.000000	0.432045	0.650202	0.000000	0.000000	0.428561	0.000000	0.000000	0.000000	0.000000	0.000000	0.000000	0.278885	0.071861	0.013129	0.300201	0.000000	0.000000	0.861118	0.751203	0.000000	
100 1
0.000000	0.003367	0.004457	0.212020	0.277024	0.264472	0.222436	0.300667	0.543074	0.645491	0.585260	0.470739	0.356654	0.261781	0.272847	0.339729	0.317810	0.431043	0.547847	0.511162	0.592356	0.538661	0.530889	0.452031	0.355357	0.266998	0.283845	0.249446	0.197204	0.401009	0.534017	0.601555	0.697673	0.698256	0.593377	0.465435	0.441851	0.371207	0.289260	0.438027	0.541605	0.666139	0.618238	0.505733	0.389492	0.421034	0.444450	0.469181	0.428921	0.350023	0.268402	0.197019	0.138377	0.300903	0.343261	0.306730	0.287810	0.239054	0.184252	0.134660	0.093403	0.060595	0.520925	0.629901	0.567656	0.456370	0.347160	0.483630	0.657832	0.626421	0.688410	0.613701	0.579051	0.484682	0.434254	0.463149	0.450737	0.379486	0.383639	0.330560	0.447424	0.687128	0.678893	0.569507	0.615105	0.547026	0.439488	0.335263	0.247043	0.175820	0.119389	0.209411	0.248790	0.232209	0.334016	0.327586	0.275404	0.599492	0.923326	0.902562	
100 1
0.344284	0.000000	0.000000	0.082794	0.062253	0.211536	0.367875	0.000000	0.191107	0.163642	0.120960	0.132371	0.000000	0.241098	0.238441	0.000000	0.218317	0.000000	0.021208	0.448741	0.537358	0.089977	0.534898	0.099668	0.000000	0.000000	0.000000	0.123585	0.409489	0.559116	0.483671	0.000000	0.000000	0.331849	0.338412	0.000000	0.107944	0.000000	0.000000	0.135564	0.004242	0.000000	0.245535	0.345011	0.167812	0.000000	0.000000	0.000000	0.210982	0.014197	0.130768	0.000000	0.196195	0.000000	0.479749	0.097548	0.558948	0.000000	0.000000	0.000000	0.068045	0.082521	0.000000	0.000000	0.000000	0.000000	0.000000	0.182242	0.000000	0.246138	0.003834	0.349225	0.396389	0.000000	0.118786	0.067601	0.060609	0.000000	0.178978	0.283731	0.000000	0.000000	0.609114	0.000000	0.000000	0.000000	0.632490	0.000000	0.000000	0.000000	0.040326	0.273363	0.133312	0.681836	0.405247	1.000000	0.046790	0.039860	0.071597	0.433361	
100 1
0.200765	0.264368	0.253122	0.260550	0.264659	0.348202	0.531044	0.528686	0.540281	0.543415	0.520053	0.494326	0.412315	0.429262	0.480146	0.429946	0.442018	0.383810	0.314031	0.439265	0.645228	0.664482	0.772469	0.740491	0.616450	0.478753	0.358560	0.315860	0.429558	0.635489	0.800329	0.744733	0.608816	0.599943	0.643629	0.568485	0.499278	0.401886	0.306584	0.285441	0.237333	0.181413	0.245869	0.393336	0.468173	0.426482	0.346361	0.265143	0.293125	0.269279	0.280509	0.244255	0.286246	0.262155	0.435042	0.485299	0.664945	0.636549	0.526400	0.407046	0.333608	0.295045	0.236969	0.177961	0.126393	0.084165	0.050956	0.119186	0.129086	0.238079	0.251826	0.392538	0.577422	0.562658	0.521883	0.459684	0.396149	0.314829	0.319572	0.403269	0.377684	0.310583	0.506352	0.511746	0.434194	0.340582	0.526433	0.525414	0.443555	0.347113	0.278257	0.334343	0.367996	0.611718	0.772569	1.052645	1.027937	0.872229	0.708767	0.709228	
100 1
0.000000	0.000000	0.000000	0.000000	0.000000	0.000000	0.000000	0.000000	0.000000	0.000000	0.000000	0.000000	0.000000	0.000000	0.000000	0.000000	0.000000	0.000000	0.000000	0.000000	0.000000	0.000000	0.000000	0.000000	0.000000	0.000000	0.000000	0.000000	0.000000	0.000000	0.000000	0.000000	0.000000	0.000000	0.000000	0.000000	0.000000	0.000000	0.000000	0.000000	0.000000	0.000000	0.000000	0.000000	0.000000	0.000000	0.000000	0.000000	0.000000	0.000000	0.000000	0.000000	0.000000	0.000000	0.000000	0.000000	0.000000	0.000000	0.000000	0.000000	0.000000	0.000000	0.000000	0.000000	0.000000	0.000000	0.000000	0.000000	0.000000	0.000000	0.000000	0.000000	1.000000	0.000000	0.000000	0.000000	0.000000	0.000000	0.000000	0.000000	0.000000	0.000000	0.000000	0.000000	0.000000	0.000000	0.000000	0.000000	0.000000	0.000000	0.000000	0.000000	0.000000	0.000000	0.000000	0.000000	0.000000	0.000000	0.000000	0.000000	
100 1
0.000000	0.000000	0.000000	0.000000	0.000000	0.000000	0.000000	0.000000	0.000000	0.000000	0.000000	0.000000	0.000000	0.000000	0.000000	0.000000	0.000000	0.000000	0.000000	0.000000	0.000000	0.000000	0.000000	0.000000	0.000000	0.000000	0.000000	0.000000	0.000000	0.000000	0.000000	0.000000	0.000000	0.000000	0.000000	0.000000	0.000000	0.000000	0.000000	0.000000	0.000000	0.000000	0.000000	0.000000	0.000000	0.000000	0.000000	0.000000	0.000000	0.000000	0.000000	0.000000	0.000000	0.000000	0.000000	0.000000	0.000000	0.000000	0.000000	0.000000	0.000000	0.000000	0.000000	0.000000	0.000000	0.000000	0.000000	0.000000	0.000000	0.000000	0.000000	0.000000	0.568955	0.723181	0.670366	0.545695	0.414299	0.303020	0.217199	0.153251	0.105880	0.070719	0.044683	0.025639	0.012042	0.002699	-0.003363	-0.006952	-0.008739	-0.009271	-0.008981	-0.008197	-0.007160	-0.006034	-0.004929	-0.003908	-0.003004	-0.002229	-0.001581	-0.001051	
100 1
0.408583	0.000000	0.000000	0.023388	0.000000	0.321273	0.000000	1.000000	0.019384	0.000000	0.000000	0.412260	0.336726	0.000000	0.608005	0.388884	0.000000	0.000000	0.000000	0.000000	0.000000	0.000000	0.000000	0.028066	0.000000	0.000000	0.000000	0.000000	0.154843	0.000000	0.000000	0.000000	0.000000	0.000000	0.000000	0.000000	0.000000	0.000000	0.000000	0.365373	0.000000	0.519540	0.000000	0.327043	0.000000	0.000000	0.000000	0.627873	0.000000	0.000000	0.000000	0.388330	0.000000	0.000000	0.000000	0.000000	0.322580	0.000765	0.000000	0.000000	0.000000	0.144419	0.000000	0.463169	0.000000	0.000000	0.067784	0.090872	0.000000	0.000000	0.000000	0.068568	0.000000	0.742361	0.320285	0.000000	0.049879	0.243271	0.340235	0.000000	0.000000	0.000000	0.739419	0.149209	0.000000	0.231384	0.000000	0.005307	0.152481	0.186009	0.548118	0.000000	0.000000	0.000000	0.000000	0.135766	0.000000	0.000000	0.000000	0.000000	
100 1
0.237932	0.312651	0.298710	0.264333	0.214116	0.342594	0.352443	0.795401	0.851384	0.729105	0.566869	0.598431	0.663155	0.590157	0.710575	0.799694	0.716502	0.576350	0.439937	0.326101	0.235855	0.165178	0.110010	0.081127	0.052880	0.028653	0.009903	-0.003499	0.070964	0.091831	0.085644	0.070186	0.053348	0.038305	0.026056	0.016646	0.009742	0.004897	0.001663	0.205176	0.267356	0.527647	0.558147	0.638372	0.574035	0.460323	0.349114	0.537554	0.536250	0.452203	0.353450	0.435948	0.407368	0.334624	0.257485	0.189458	0.285066	0.282936	0.238229	0.184883	0.135658	0.166419	0.154401	0.352768	0.383942	0.336875	0.301737	0.288961	0.242792	0.188765	0.139249	0.132492	0.109618	0.446368	0.660978	0.638636	0.550610	0.540080	0.599837	0.535882	0.430926	0.328663	0.552203	0.621614	0.552437	0.538206	0.456396	0.360478	0.338636	0.363272	0.548845	0.541780	0.455288	0.355519	0.266094	0.254584	0.212684	0.162634	0.116474	0.077825	
100 1
0.175776	0.131943	0.699846	0.435030	0.000000	0.042852	0.868441	0.604208	0.291315	0.172648	0.000000	0.000000	0.336679	0.098802	0.119913	0.000000	0.612248	0.263721	0.335961	0.022987	0.364588	0.147545	0.169185	0.000000	0.000000	0.000000	0.751194	0.000000	0.607543	0.000000	0.000000	0.154532	0.000000	0.000000	0.450718	0.016505	0.040695	0.009490	0.519342	0.000000	0.032583	0.544330	0.011936	0.044281	0.387179	0.000000	0.116045	0.104652	0.000000	0.519511	0.000000	0.000000	0.513000	0.106102	0.090180	0.252677	0.017618	0.198073	0.403913	0.320475	0.000000	0.174216	0.932950	0.000000	0.069829	0.156281	0.000000	0.000000	0.620273	0.042185	0.534921	0.017186	0.135071	0.510140	0.203407	0.283306	0.000000	0.282195	0.000000	0.215028	0.290425	0.319450	0.575626	0.036004	0.000000	0.095825	1.000000	0.017735	0.208222	0.099799	0.080362	0.070657	0.519513	0.713811	0.000000	0.000000	0.373551	0.184625	0.194960	0.320190	
100 1
0.102759	0.212447	0.619562	0.907991	0.872105	0.734473	0.926499	1.074215	1.064568	0.959687	0.775274	0.589521	0.570239	0.524495	0.479861	0.393935	0.552917	0.639727	0.704537	0.635455	0.655065	0.627412	0.591461	0.492806	0.383671	0.287055	0.522231	0.541349	0.700559	0.662328	0.546044	0.486076	0.394936	0.302714	0.417792	0.411029	0.363313	0.295784	0.453308	0.451175	0.395034	0.545816	0.532247	0.464136	0.531643	0.482749	0.440739	0.406235	0.334244	0.479361	0.468572	0.392444	0.522137	0.542685	0.505859	0.521994	0.460904	0.452982	0.550492	0.634930	0.573843	0.535033	0.789584	0.780755	0.682540	0.606300	0.491238	0.376854	0.533168	0.537134	0.664498	0.626205	0.570429	0.663743	0.683526	0.696791	0.601622	0.587652	0.500163	0.481591	0.523762	0.590651	0.744575	0.711504	0.590759	0.497683	0.764145	0.772033	0.732950	0.650020	0.556072	0.469823	0.576485	0.795529	0.768171	0.639227	0.641371	0.624462	0.603265	0.631630	
100 1
1.000000	0.544676	0.000000	0.000000	0.009284	0.000000	0.000000	0.000000	0.000000	0.308108	0.000000	0.000000	0.000000	0.000000	0.000000	0.000000	0.000000	0.351319	0.000000	0.000000	0.000000	0.000000	0.189571	0.102838	0.000000	0.000000	0.000000	0.000000	0.000000	0.000000	0.000000	0.118837	0.000000	0.000000	0.005700	0.000000	0.000000	0.482901	0.000000	0.000000	0.000000	0.000000	0.000000	0.000000	0.000000	0.000000	0.000000	0.000000	0.000000	0.000000	0.000000	0.376849	0.000000	0.000000	0.000000	0.000000	0.000000	0.134427	0.050800	0.000000	0.000000	0.000000	0.000000	0.000000	0.000000	0.000000	0.085122	0.000000	0.001441	0.000000	0.000000	0.000000	0.000000	0.000000	0.051933	0.000000	0.000000	0.000000	0.000000	0.000000	0.000000	0.000000	0.000000	0.000000	0.000000	0.000000	0.000000	0.000000	0.000000	0.000000	0.000000	0.000000	0.000000	0.000000	0.000000	0.000000	0.000000	0.000000	0.000000	0.056092	
100 1
0.568955	0.984355	0.977971	0.813171	0.623560	0.456522	0.327354	0.231993	0.161658	0.258013	0.260521	0.221242	0.172649	0.127270	0.089014	0.058416	0.034851	0.201551	0.244176	0.224210	0.183787	0.141403	0.202790	0.253925	0.238404	0.197415	0.152775	0.112825	0.079881	0.053895	0.034049	0.083738	0.093148	0.082719	0.069348	0.053756	0.039292	0.290392	0.358764	0.331722	0.272711	0.210766	0.156743	0.113074	0.079022	0.053037	0.033585	0.019359	0.009266	0.002399	-0.002006	0.204675	0.267496	0.253394	0.211636	0.165400	0.123998	0.162612	0.185039	0.168381	0.137667	0.105822	0.077813	0.054985	0.037202	0.023809	0.061287	0.069219	0.063003	0.051431	0.039324	0.028673	0.020073	0.013497	0.038219	0.044216	0.040434	0.033313	0.025848	0.019269	0.013951	0.009875	0.006871	0.004725	0.003236	0.002233	0.001577	0.001163	0.000914	0.000773	0.000700	0.000667	0.000657	0.000658	0.000663	0.000667	0.000668	0.000665	0.000659	0.033394	
100 1
0.000000	0.000000	0.000000	0.000000	0.000000	0.000000	0.000000	0.000000	0.000000	0.000000	0.000000	0.000000	0.000000	0.000000	0.201118	0.000000	0.000000	0.000000	0.000000	0.000000	0.000000	0.000000	0.000000	0.000000	0.000000	0.000000	0.000000	0.000000	0.000000	0.000000	0.000000	0.000000	0.000000	0.000705	0.000000	0.000000	0.000000	0.000000	0.151714	0.000000	0.000000	0.000000	0.000000	0.000000	0.000000	0.000000	0.000000	0.000000	0.000000	0.000000	0.000000	0.000000	0.000000	0.000000	0.000000	0.000000	0.000000	0.000000	0.000000	0.000000	0.000000	0.000000	0.000000	0.217991	0.000000	1.000000	0.000000	0.000000	0.000000	0.000000	0.000000	0.000000	0.505031	0.000000	0.000000	0.000000	0.000000	0.000000	0.301461	0.000000	0.000000	0.000000	0.000000	0.000000	0.000000	0.000000	0.000000	0.779920	0.000000	0.000000	0.000000	0.000000	0.000000	0.000000	0.000000	0.000000	0.000000	0.000000	0.000000	0.000000	
100 1
0.000000	0.000000	0.000000	0.000000	0.000000	0.000000	0.000000	0.000000	0.000000	0.000000	0.000000	0.000000	0.000000	0.000000	0.117542	0.155311	0.149235	0.126284	0.099725	0.075431	0.055434	0.039928	0.028352	0.019933	0.013926	0.009706	0.006777	0.004768	0.003403	0.002484	0.001871	0.001463	0.001193	0.001425	0.001438	0.001335	0.001196	0.001059	0.089428	0.117777	0.113095	0.095748	0.075726	0.057414	0.042319	0.030583	0.021796	0.015387	0.010803	0.007578	0.005338	0.003801	0.002758	0.002056	0.001589	0.001278	0.001072	0.000935	0.000842	0.000776	0.000728	0.000691	0.000659	0.127685	0.168311	0.707168	0.816313	0.724197	0.573148	0.427725	0.310109	0.221226	0.395655	0.411006	0.353527	0.279305	0.210021	0.151855	0.252448	0.257708	0.220112	0.172501	0.127724	0.089862	0.059528	0.036127	0.018713	0.410005	0.514052	0.472099	0.384207	0.294418	0.217744	0.156455	0.108681	0.071929	0.044076	0.023443	0.008665	-0.001416	
100 1
0.222080	0.000000	0.030909	0.000000	0.106021	0.076914	0.080845	0.190298	0.067992	0.000000	0.240550	0.154154	0.000988	0.000000	0.000000	0.000000	0.212682	0.187125	0.000000	0.090945	0.030940	0.005542	0.076916	0.000000	0.213114	0.175855	0.025326	0.236714	0.231812	0.000000	0.000000	0.227336	0.587677	0.002427	0.000000	1.000000	0.000000	0.096086	0.249492	0.215855	0.000000	0.116507	0.050071	0.042849	0.108714	0.430752	0.109104	0.068292	0.565803	0.003379	0.000000	0.048873	0.058834	0.151765	0.012309	0.360557	0.441590	0.245880	0.000000	0.099256	0.194750	0.344719	0.000000	0.208452	0.000000	0.000000	0.000000	0.426614	0.189445	0.009913	0.186123	0.087570	0.446968	0.063602	0.000000	0.000000	0.271261	0.000000	0.000000	0.207102	0.215429	0.054344	0.156196	0.094808	0.208229	0.008084	0.035519	0.045690	0.036400	0.000000	0.037947	0.285523	0.000000	0.000000	0.172353	0.057341	0.435473	0.127884	0.507063	0.000000	
100 1
0.129760	0.171388	0.182536	0.162834	0.193552	0.226257	0.255700	0.339239	0.365233	0.323711	0.386841	0.437915	0.395243	0.320014	0.244809	0.180686	0.236236	0.318767	0.305974	0.299758	0.269931	0.221831	0.208620	0.173573	0.239669	0.319170	0.316979	0.382304	0.461135	0.424338	0.346298	0.370739	0.582240	0.580909	0.489525	0.773116	0.775573	0.691099	0.654110	0.630781	0.531370	0.463933	0.393752	0.328568	0.303469	0.435337	0.470504	0.441935	0.597983	0.574862	0.477745	0.392004	0.329176	0.324743	0.281452	0.383037	0.554754	0.638373	0.573591	0.503617	0.486047	0.550695	0.496754	0.488285	0.415550	0.326499	0.244641	0.366747	0.444863	0.412398	0.419470	0.400466	0.524258	0.523816	0.444176	0.348414	0.380749	0.339759	0.272585	0.300681	0.365779	0.362047	0.376780	0.370662	0.406879	0.365905	0.311653	0.266384	0.226750	0.177120	0.148270	0.252430	0.258469	0.221026	0.257949	0.264581	0.434195	0.497664	0.662611	0.627964	
100 1
0.000000	0.000000	0.316520	0.000000	0.000000	0.000000	0.000000	0.000000	0.000000	0.000000	0.000000	0.000000	0.000000	0.000000	0.000000	0.000000	0.000000	0.000000	0.000000	0.000000	0.000000	0.000000	0.000000	0.000000	0.000000	0.000000	0.000000	0.000000	0.000000	0.000000	0.000000	0.155460	0.000000	1.000000	0.000000	0.044655	0.000000	0.000000	0.000000	0.000000	0.000000	0.000000	0.015111	0.000000	0.000000	0.000000	0.000000	0.000000	0.000000	0.000000	0.000000	0.000000	0.000000	0.000000	0.000000	0.000000	0.000000	0.000000	0.000000	0.000000	0.000000	0.000000	0.000000	0.000000	0.345175	0.000000	0.000000	0.000000	0.000000	0.000000	0.000000	0.000000	0.000000	0.000000	0.000000	0.000000	0.000000	0.645764	0.000000	0.000000	0.309878	0.000000	0.252211	0.000000	0.000000	0.000000	0.000000	0.000000	0.160250	0.000000	0.000000	0.000000	0.000000	0.000000	0.000000	0.000000	0.074836	0.000000	0.000000	0.000000	
100 1
0.000000	0.000000	0.184671	0.243371	0.233210	0.196695	0.154762	0.116663	0.085494	0.061423	0.043468	0.030378	0.020992	0.014354	0.009724	0.006539	0.004383	0.002951	0.002020	0.001431	0.001071	0.000861	0.000746	0.000690	0.000666	0.000661	0.000663	0.000666	0.000668	0.000667	0.000662	0.091290	0.120403	0.666991	0.788408	0.728060	0.589393	0.445490	0.325358	0.233272	0.164417	0.112894	0.081928	0.055287	0.033632	0.017099	0.005161	-0.002932	-0.007966	-0.010675	-0.011707	-0.011597	-0.010772	-0.009552	-0.008166	-0.006769	-0.005456	-0.004280	-0.003262	-0.002405	-0.001699	-0.001128	-0.000674	-0.000319	0.199429	0.262247	0.250273	0.210241	0.164976	0.124211	0.090960	0.065210	0.045862	0.031617	0.021301	0.013957	0.008827	0.365697	0.468558	0.437070	0.516178	0.474276	0.506488	0.446485	0.356568	0.270500	0.198396	0.140906	0.175753	0.164342	0.133804	0.100593	0.070906	0.046579	0.027699	0.013703	0.044664	0.050875	0.044973	0.035408	
