  6.141208
  12.802163
  2.844221
  13.749888
  18.986134
  13.919452
  19.346024
  4.133829
  7.118686
  4.070705
  5.407839
  8.810967
  1.705946
  0.555296
  0.668561
  2.548495
  6.891707
  9.351998
  16.930114
  62.704271
  2.909955
  11.243779
  17.879794
  9.211779
  4.880212
  4.550473
  8.257532
  41.281832
  2.341085
  10.137437
  57.251074
  60.389353
  20.013531
  15.753721
  9.143507
  12.534882
  3.647213
  7.682776
  6.299494
  12.773698
  2.673323
  4.998634
  5.658858
  2.467563
  4.231135
  17.986157
  38.634202
  10.746956
  26.612560
  29.960154
  7.515584
  34.069694
  52.848426
  23.651145
  14.318564
  18.610071
  9.449401
  17.779961
  14.987739
  14.519215
  5.850137
  17.399358
  17.776700
  14.700896
  17.182125
  29.775466
  16.780436
  19.788561
  9.098669
  10.159507
  6.093246
  20.438840
  3.737833
  13.600489
  20.636093
  8.928716
  19.374463
  10.720845
  20.540345
  3.818586
  5.446956
  15.973461
  19.508719
  5.469455
  22.405974
  37.501690
  52.209076
  50.275540
  47.053949
  67.026635
  5.573387
  2.742286
  3.195592
  3.273336
  3.366798
  3.213482
  2.954062
  8.635705
  13.853078
  7.481407
  2.866162
  2.767295
  0.000158
  0.000158
  0.000158
  7293847513888772822168269599023980293348775006402261997481617425384639632360009555380219618202795464663377330853448411664442112249698934050859905059309748224.000000
  7293847513888772822168269599023980293348775006402261997481617425384639632360009555380219618202795464663377330853448411664442112249698934050859905059309748224.000000
  7293847513888772822168269599023980293348775006402261997481617425384639632360009555380219618202795464663377330853448411664442112249698934050859905059309748224.000000
  7293847513888772822168269599023980293348775006402261997481617425384639632360009555380219618202795464663377330853448411664442112249698934050859905059309748224.000000
  7293847513888772822168269599023980293348775006402261997481617425384639632360009555380219618202795464663377330853448411664442112249698934050859905059309748224.000000
  7293847513888772822168269599023980293348775006402261997481617425384639632360009555380219618202795464663377330853448411664442112249698934050859905059309748224.000000
  7293847513888772822168269599023980293348775006402261997481617425384639632360009555380219618202795464663377330853448411664442112249698934050859905059309748224.000000
  7293847513888772822168269599023980293348775006402261997481617425384639632360009555380219618202795464663377330853448411664442112249698934050859905059309748224.000000
  7293847513888772822168269599023980293348775006402261997481617425384639632360009555380219618202795464663377330853448411664442112249698934050859905059309748224.000000
  7293847513888772822168269599023980293348775006402261997481617425384639632360009555380219618202795464663377330853448411664442112249698934050859905059309748224.000000
  7293847513888772822168269599023980293348775006402261997481617425384639632360009555380219618202795464663377330853448411664442112249698934050859905059309748224.000000
  7293847513888772822168269599023980293348775006402261997481617425384639632360009555380219618202795464663377330853448411664442112249698934050859905059309748224.000000
  7293847513888772822168269599023980293348775006402261997481617425384639632360009555380219618202795464663377330853448411664442112249698934050859905059309748224.000000
  7293847513888772822168269599023980293348775006402261997481617425384639632360009555380219618202795464663377330853448411664442112249698934050859905059309748224.000000
  7293847513888772822168269599023980293348775006402261997481617425384639632360009555380219618202795464663377330853448411664442112249698934050859905059309748224.000000
  7293847513888772822168269599023980293348775006402261997481617425384639632360009555380219618202795464663377330853448411664442112249698934050859905059309748224.000000
  7293847513888772822168269599023980293348775006402261997481617425384639632360009555380219618202795464663377330853448411664442112249698934050859905059309748224.000000
  7293847513888772822168269599023980293348775006402261997481617425384639632360009555380219618202795464663377330853448411664442112249698934050859905059309748224.000000
  7293847513888772822168269599023980293348775006402261997481617425384639632360009555380219618202795464663377330853448411664442112249698934050859905059309748224.000000
  7293847513888772822168269599023980293348775006402261997481617425384639632360009555380219618202795464663377330853448411664442112249698934050859905059309748224.000000
  7293847513888772822168269599023980293348775006402261997481617425384639632360009555380219618202795464663377330853448411664442112249698934050859905059309748224.000000
  7293847513888772822168269599023980293348775006402261997481617425384639632360009555380219618202795464663377330853448411664442112249698934050859905059309748224.000000
  7293847513888772822168269599023980293348775006402261997481617425384639632360009555380219618202795464663377330853448411664442112249698934050859905059309748224.000000
  7293847513888772822168269599023980293348775006402261997481617425384639632360009555380219618202795464663377330853448411664442112249698934050859905059309748224.000000
  7293847513888772822168269599023980293348775006402261997481617425384639632360009555380219618202795464663377330853448411664442112249698934050859905059309748224.000000
  131.260894
  0.000158
  0.000158
  0.000158
  0.000158
  0.000158
  0.000158
  0.000158
  0.000158
  0.000158
  0.000158
  0.000158
  0.000158
  0.000158
  0.000158
  0.000158
  0.000158
  0.000158
  0.000158
  0.000158
  0.000158
  0.000158
  0.000158
  0.000158
  0.000158
  0.000158
  7293847513888772822168269599023980293348775006402261997481617425384639632360009555380219618202795464663377330853448411664442112249698934050859905059309748224.000000
  7293847513888772822168269599023980293348775006402261997481617425384639632360009555380219618202795464663377330853448411664442112249698934050859905059309748224.000000
  7293847513888772822168269599023980293348775006402261997481617425384639632360009555380219618202795464663377330853448411664442112249698934050859905059309748224.000000
  7293847513888772822168269599023980293348775006402261997481617425384639632360009555380219618202795464663377330853448411664442112249698934050859905059309748224.000000
  7293847513888772822168269599023980293348775006402261997481617425384639632360009555380219618202795464663377330853448411664442112249698934050859905059309748224.000000
  7293847513888772822168269599023980293348775006402261997481617425384639632360009555380219618202795464663377330853448411664442112249698934050859905059309748224.000000
  7293847513888772822168269599023980293348775006402261997481617425384639632360009555380219618202795464663377330853448411664442112249698934050859905059309748224.000000
  7293847513888772822168269599023980293348775006402261997481617425384639632360009555380219618202795464663377330853448411664442112249698934050859905059309748224.000000
  0.000158
  7293847513888772822168269599023980293348775006402261997481617425384639632360009555380219618202795464663377330853448411664442112249698934050859905059309748224.000000
  7293847513888772822168269599023980293348775006402261997481617425384639632360009555380219618202795464663377330853448411664442112249698934050859905059309748224.000000
  7293847513888772822168269599023980293348775006402261997481617425384639632360009555380219618202795464663377330853448411664442112249698934050859905059309748224.000000
  7293847513888772822168269599023980293348775006402261997481617425384639632360009555380219618202795464663377330853448411664442112249698934050859905059309748224.000000
  7293847513888772822168269599023980293348775006402261997481617425384639632360009555380219618202795464663377330853448411664442112249698934050859905059309748224.000000
  7293847513888772822168269599023980293348775006402261997481617425384639632360009555380219618202795464663377330853448411664442112249698934050859905059309748224.000000
  7293847513888772822168269599023980293348775006402261997481617425384639632360009555380219618202795464663377330853448411664442112249698934050859905059309748224.000000
  7293847513888772822168269599023980293348775006402261997481617425384639632360009555380219618202795464663377330853448411664442112249698934050859905059309748224.000000
  7293847513888772822168269599023980293348775006402261997481617425384639632360009555380219618202795464663377330853448411664442112249698934050859905059309748224.000000
  7293847513888772822168269599023980293348775006402261997481617425384639632360009555380219618202795464663377330853448411664442112249698934050859905059309748224.000000
  7293847513888772822168269599023980293348775006402261997481617425384639632360009555380219618202795464663377330853448411664442112249698934050859905059309748224.000000
  7293847513888772822168269599023980293348775006402261997481617425384639632360009555380219618202795464663377330853448411664442112249698934050859905059309748224.000000
  1287149561274489321559106399827761228238019118776869764261461898597289346887060509772979932624022729058243058385902660881960372749946870714857630304584073216.000000
  0.000158
  0.000158
  0.000158
  0.000158
  0.000158
  0.000158
  2306142963950126701126732299691405533926450921141891660968452568320143413172650080009922379284707389562685479608075600746845667843654810030786587629046464512.000000
  7293847513888772822168269599023980293348775006402261997481617425384639632360009555380219618202795464663377330853448411664442112249698934050859905059309748224.000000
  7293847513888772822168269599023980293348775006402261997481617425384639632360009555380219618202795464663377330853448411664442112249698934050859905059309748224.000000
  7293847513888772822168269599023980293348775006402261997481617425384639632360009555380219618202795464663377330853448411664442112249698934050859905059309748224.000000
  7293847513888772822168269599023980293348775006402261997481617425384639632360009555380219618202795464663377330853448411664442112249698934050859905059309748224.000000
  7293847513888772822168269599023980293348775006402261997481617425384639632360009555380219618202795464663377330853448411664442112249698934050859905059309748224.000000
  7293847513888772822168269599023980293348775006402261997481617425384639632360009555380219618202795464663377330853448411664442112249698934050859905059309748224.000000
  7293847513888772822168269599023980293348775006402261997481617425384639632360009555380219618202795464663377330853448411664442112249698934050859905059309748224.000000
  7293847513888772822168269599023980293348775006402261997481617425384639632360009555380219618202795464663377330853448411664442112249698934050859905059309748224.000000
  7293847513888772822168269599023980293348775006402261997481617425384639632360009555380219618202795464663377330853448411664442112249698934050859905059309748224.000000
  7293847513888772822168269599023980293348775006402261997481617425384639632360009555380219618202795464663377330853448411664442112249698934050859905059309748224.000000
  7293847513888772822168269599023980293348775006402261997481617425384639632360009555380219618202795464663377330853448411664442112249698934050859905059309748224.000000
  7293847513888772822168269599023980293348775006402261997481617425384639632360009555380219618202795464663377330853448411664442112249698934050859905059309748224.000000
  7293847513888772822168269599023980293348775006402261997481617425384639632360009555380219618202795464663377330853448411664442112249698934050859905059309748224.000000
  7293847513888772822168269599023980293348775006402261997481617425384639632360009555380219618202795464663377330853448411664442112249698934050859905059309748224.000000
  7293847513888772822168269599023980293348775006402261997481617425384639632360009555380219618202795464663377330853448411664442112249698934050859905059309748224.000000
  7293847513888772822168269599023980293348775006402261997481617425384639632360009555380219618202795464663377330853448411664442112249698934050859905059309748224.000000
  7293847513888772822168269599023980293348775006402261997481617425384639632360009555380219618202795464663377330853448411664442112249698934050859905059309748224.000000
  7293847513888772822168269599023980293348775006402261997481617425384639632360009555380219618202795464663377330853448411664442112249698934050859905059309748224.000000
  7293847513888772822168269599023980293348775006402261997481617425384639632360009555380219618202795464663377330853448411664442112249698934050859905059309748224.000000
  7293847513888772822168269599023980293348775006402261997481617425384639632360009555380219618202795464663377330853448411664442112249698934050859905059309748224.000000
  7293847513888772822168269599023980293348775006402261997481617425384639632360009555380219618202795464663377330853448411664442112249698934050859905059309748224.000000
  7293847513888772822168269599023980293348775006402261997481617425384639632360009555380219618202795464663377330853448411664442112249698934050859905059309748224.000000
  7293847513888772822168269599023980293348775006402261997481617425384639632360009555380219618202795464663377330853448411664442112249698934050859905059309748224.000000
  7293847513888772822168269599023980293348775006402261997481617425384639632360009555380219618202795464663377330853448411664442112249698934050859905059309748224.000000
  7293847513888772822168269599023980293348775006402261997481617425384639632360009555380219618202795464663377330853448411664442112249698934050859905059309748224.000000
  7293847513888772822168269599023980293348775006402261997481617425384639632360009555380219618202795464663377330853448411664442112249698934050859905059309748224.000000
  7293847513888772822168269599023980293348775006402261997481617425384639632360009555380219618202795464663377330853448411664442112249698934050859905059309748224.000000
  7293847513888772822168269599023980293348775006402261997481617425384639632360009555380219618202795464663377330853448411664442112249698934050859905059309748224.000000
  7293847513888772822168269599023980293348775006402261997481617425384639632360009555380219618202795464663377330853448411664442112249698934050859905059309748224.000000
  7293847513888772822168269599023980293348775006402261997481617425384639632360009555380219618202795464663377330853448411664442112249698934050859905059309748224.000000
  7293847513888772822168269599023980293348775006402261997481617425384639632360009555380219618202795464663377330853448411664442112249698934050859905059309748224.000000
  7293847513888772822168269599023980293348775006402261997481617425384639632360009555380219618202795464663377330853448411664442112249698934050859905059309748224.000000
  7293847513888772822168269599023980293348775006402261997481617425384639632360009555380219618202795464663377330853448411664442112249698934050859905059309748224.000000
  7293847513888772822168269599023980293348775006402261997481617425384639632360009555380219618202795464663377330853448411664442112249698934050859905059309748224.000000
  7293847513888772822168269599023980293348775006402261997481617425384639632360009555380219618202795464663377330853448411664442112249698934050859905059309748224.000000
  7293847513888772822168269599023980293348775006402261997481617425384639632360009555380219618202795464663377330853448411664442112249698934050859905059309748224.000000
  7293847513888772822168269599023980293348775006402261997481617425384639632360009555380219618202795464663377330853448411664442112249698934050859905059309748224.000000
  7293847513888772822168269599023980293348775006402261997481617425384639632360009555380219618202795464663377330853448411664442112249698934050859905059309748224.000000
  7293847513888772822168269599023980293348775006402261997481617425384639632360009555380219618202795464663377330853448411664442112249698934050859905059309748224.000000
  7293847513888772822168269599023980293348775006402261997481617425384639632360009555380219618202795464663377330853448411664442112249698934050859905059309748224.000000
  7293847513888772822168269599023980293348775006402261997481617425384639632360009555380219618202795464663377330853448411664442112249698934050859905059309748224.000000
  7293847513888772822168269599023980293348775006402261997481617425384639632360009555380219618202795464663377330853448411664442112249698934050859905059309748224.000000
  7293847513888772822168269599023980293348775006402261997481617425384639632360009555380219618202795464663377330853448411664442112249698934050859905059309748224.000000
  7293847513888772822168269599023980293348775006402261997481617425384639632360009555380219618202795464663377330853448411664442112249698934050859905059309748224.000000
  7293847513888772822168269599023980293348775006402261997481617425384639632360009555380219618202795464663377330853448411664442112249698934050859905059309748224.000000
  7293847513888772822168269599023980293348775006402261997481617425384639632360009555380219618202795464663377330853448411664442112249698934050859905059309748224.000000
  7293847513888772822168269599023980293348775006402261997481617425384639632360009555380219618202795464663377330853448411664442112249698934050859905059309748224.000000
  7293847513888772822168269599023980293348775006402261997481617425384639632360009555380219618202795464663377330853448411664442112249698934050859905059309748224.000000
  7293847513888772822168269599023980293348775006402261997481617425384639632360009555380219618202795464663377330853448411664442112249698934050859905059309748224.000000
  7293847513888772822168269599023980293348775006402261997481617425384639632360009555380219618202795464663377330853448411664442112249698934050859905059309748224.000000
  7293847513888772822168269599023980293348775006402261997481617425384639632360009555380219618202795464663377330853448411664442112249698934050859905059309748224.000000
  7293847513888772822168269599023980293348775006402261997481617425384639632360009555380219618202795464663377330853448411664442112249698934050859905059309748224.000000
  7293847513888772822168269599023980293348775006402261997481617425384639632360009555380219618202795464663377330853448411664442112249698934050859905059309748224.000000
  7293847513888772822168269599023980293348775006402261997481617425384639632360009555380219618202795464663377330853448411664442112249698934050859905059309748224.000000
  7293847513888772822168269599023980293348775006402261997481617425384639632360009555380219618202795464663377330853448411664442112249698934050859905059309748224.000000
  7293847513888772822168269599023980293348775006402261997481617425384639632360009555380219618202795464663377330853448411664442112249698934050859905059309748224.000000
  7293847513888772822168269599023980293348775006402261997481617425384639632360009555380219618202795464663377330853448411664442112249698934050859905059309748224.000000
  7293847513888772822168269599023980293348775006402261997481617425384639632360009555380219618202795464663377330853448411664442112249698934050859905059309748224.000000
  7293847513888772822168269599023980293348775006402261997481617425384639632360009555380219618202795464663377330853448411664442112249698934050859905059309748224.000000
  7293847513888772822168269599023980293348775006402261997481617425384639632360009555380219618202795464663377330853448411664442112249698934050859905059309748224.000000
  7293847513888772822168269599023980293348775006402261997481617425384639632360009555380219618202795464663377330853448411664442112249698934050859905059309748224.000000
  7293847513888772822168269599023980293348775006402261997481617425384639632360009555380219618202795464663377330853448411664442112249698934050859905059309748224.000000
  7293847513888772822168269599023980293348775006402261997481617425384639632360009555380219618202795464663377330853448411664442112249698934050859905059309748224.000000
  7293847513888772822168269599023980293348775006402261997481617425384639632360009555380219618202795464663377330853448411664442112249698934050859905059309748224.000000
  7293847513888772822168269599023980293348775006402261997481617425384639632360009555380219618202795464663377330853448411664442112249698934050859905059309748224.000000
  7293847513888772822168269599023980293348775006402261997481617425384639632360009555380219618202795464663377330853448411664442112249698934050859905059309748224.000000
  7293847513888772822168269599023980293348775006402261997481617425384639632360009555380219618202795464663377330853448411664442112249698934050859905059309748224.000000
  7293847513888772822168269599023980293348775006402261997481617425384639632360009555380219618202795464663377330853448411664442112249698934050859905059309748224.000000
  7293847513888772822168269599023980293348775006402261997481617425384639632360009555380219618202795464663377330853448411664442112249698934050859905059309748224.000000
  7293847513888772822168269599023980293348775006402261997481617425384639632360009555380219618202795464663377330853448411664442112249698934050859905059309748224.000000
  7293847513888772822168269599023980293348775006402261997481617425384639632360009555380219618202795464663377330853448411664442112249698934050859905059309748224.000000
  7293847513888772822168269599023980293348775006402261997481617425384639632360009555380219618202795464663377330853448411664442112249698934050859905059309748224.000000
  7293847513888772822168269599023980293348775006402261997481617425384639632360009555380219618202795464663377330853448411664442112249698934050859905059309748224.000000
  7293847513888772822168269599023980293348775006402261997481617425384639632360009555380219618202795464663377330853448411664442112249698934050859905059309748224.000000
  7293847513888772822168269599023980293348775006402261997481617425384639632360009555380219618202795464663377330853448411664442112249698934050859905059309748224.000000
  7293847513888772822168269599023980293348775006402261997481617425384639632360009555380219618202795464663377330853448411664442112249698934050859905059309748224.000000
  7293847513888772822168269599023980293348775006402261997481617425384639632360009555380219618202795464663377330853448411664442112249698934050859905059309748224.000000
  7293847513888772822168269599023980293348775006402261997481617425384639632360009555380219618202795464663377330853448411664442112249698934050859905059309748224.000000
  7293847513888772822168269599023980293348775006402261997481617425384639632360009555380219618202795464663377330853448411664442112249698934050859905059309748224.000000
  7293847513888772822168269599023980293348775006402261997481617425384639632360009555380219618202795464663377330853448411664442112249698934050859905059309748224.000000
  7293847513888772822168269599023980293348775006402261997481617425384639632360009555380219618202795464663377330853448411664442112249698934050859905059309748224.000000
  7293847513888772822168269599023980293348775006402261997481617425384639632360009555380219618202795464663377330853448411664442112249698934050859905059309748224.000000
  7293847513888772822168269599023980293348775006402261997481617425384639632360009555380219618202795464663377330853448411664442112249698934050859905059309748224.000000
  7293847513888772822168269599023980293348775006402261997481617425384639632360009555380219618202795464663377330853448411664442112249698934050859905059309748224.000000
  7293847513888772822168269599023980293348775006402261997481617425384639632360009555380219618202795464663377330853448411664442112249698934050859905059309748224.000000
  7293847513888772822168269599023980293348775006402261997481617425384639632360009555380219618202795464663377330853448411664442112249698934050859905059309748224.000000
  7293847513888772822168269599023980293348775006402261997481617425384639632360009555380219618202795464663377330853448411664442112249698934050859905059309748224.000000
  7293847513888772822168269599023980293348775006402261997481617425384639632360009555380219618202795464663377330853448411664442112249698934050859905059309748224.000000
  7293847513888772822168269599023980293348775006402261997481617425384639632360009555380219618202795464663377330853448411664442112249698934050859905059309748224.000000
  7293847513888772822168269599023980293348775006402261997481617425384639632360009555380219618202795464663377330853448411664442112249698934050859905059309748224.000000
  7293847513888772822168269599023980293348775006402261997481617425384639632360009555380219618202795464663377330853448411664442112249698934050859905059309748224.000000
  7293847513888772822168269599023980293348775006402261997481617425384639632360009555380219618202795464663377330853448411664442112249698934050859905059309748224.000000
  7293847513888772822168269599023980293348775006402261997481617425384639632360009555380219618202795464663377330853448411664442112249698934050859905059309748224.000000
  7293847513888772822168269599023980293348775006402261997481617425384639632360009555380219618202795464663377330853448411664442112249698934050859905059309748224.000000
  7293847513888772822168269599023980293348775006402261997481617425384639632360009555380219618202795464663377330853448411664442112249698934050859905059309748224.000000
  73.718977
  0.000158
  0.000158
  0.000158
  0.000158
  0.000158
  0.000158
  0.000158
  0.000158
  0.000158
  0.000158
  0.000158
  0.000158
  0.000158
  0.000158
  0.000158
  0.000158
  0.000158
  0.000158
  0.000158
  0.000158
  0.000158
  0.000158
  0.000158
  0.000158
  0.000158
  0.000158
  0.000158
  0.000158
  0.000158
  0.000158
  0.000158
  0.000158
  0.000158
  0.000158
  0.000158
  0.000158
  0.000158
  0.000158
  0.000158
  0.000158
  0.000158
  0.000158
  0.000158
  0.000158
  0.000158
  0.000158
  0.000158
  0.000158
  0.000158
  0.000158
  0.000158
  0.000158
  0.000158
  0.000158
  0.000158
  0.000158
  0.000158
  0.000158
  0.000158
  0.000158
  0.000158
  0.000158
  0.000158
  0.000158
  0.000158
  0.000158
  0.000158
  0.000158
  0.000158
  0.000158
  0.000158
  0.000158
  0.000158
  0.000158
  0.000158
  0.000158
  0.000158
  0.000158
  214524926879081553593184399971293538039669853129478294043576983099548224481176751628829988770670454843040509730983776813660062124991145119142938384097345536.000000
  7293847513888772822168269599023980293348775006402261997481617425384639632360009555380219618202795464663377330853448411664442112249698934050859905059309748224.000000
  7293847513888772822168269599023980293348775006402261997481617425384639632360009555380219618202795464663377330853448411664442112249698934050859905059309748224.000000
  7293847513888772822168269599023980293348775006402261997481617425384639632360009555380219618202795464663377330853448411664442112249698934050859905059309748224.000000
  7293847513888772822168269599023980293348775006402261997481617425384639632360009555380219618202795464663377330853448411664442112249698934050859905059309748224.000000
  7293847513888772822168269599023980293348775006402261997481617425384639632360009555380219618202795464663377330853448411664442112249698934050859905059309748224.000000
  7293847513888772822168269599023980293348775006402261997481617425384639632360009555380219618202795464663377330853448411664442112249698934050859905059309748224.000000
  7293847513888772822168269599023980293348775006402261997481617425384639632360009555380219618202795464663377330853448411664442112249698934050859905059309748224.000000
  7293847513888772822168269599023980293348775006402261997481617425384639632360009555380219618202795464663377330853448411664442112249698934050859905059309748224.000000
  7293847513888772822168269599023980293348775006402261997481617425384639632360009555380219618202795464663377330853448411664442112249698934050859905059309748224.000000
  7293847513888772822168269599023980293348775006402261997481617425384639632360009555380219618202795464663377330853448411664442112249698934050859905059309748224.000000
  7293847513888772822168269599023980293348775006402261997481617425384639632360009555380219618202795464663377330853448411664442112249698934050859905059309748224.000000
  7293847513888772822168269599023980293348775006402261997481617425384639632360009555380219618202795464663377330853448411664442112249698934050859905059309748224.000000
  7293847513888772822168269599023980293348775006402261997481617425384639632360009555380219618202795464663377330853448411664442112249698934050859905059309748224.000000
  0.000158
  0.000158
  0.000158
  0.000158
  0.000158
  0.000158
  0.000158
  0.000158
  0.000158
  0.000158
  0.000158
  0.000158
  0.000158
  0.000158
  2896086512867600973507989399612462763535543017247956969588289271843901030495886146989204848404051140381046881368280986984410838687380459108429668185314164736.000000
  38.979326
  0.000158
  0.000158
  0.000158
  0.000158
  0.000158
  0.000158
  0.000158
  0.000158
  0.000158
  0.000158
  0.000158
  0.000158
  0.000158
  0.000158
  0.000158
  0.000158
  0.000158
