  1.543152
  3.844415
  3.876325
  2.678365
  0.514193
  6.043658
  3.296469
  2.773469
  5.555227
  6.644216
  1.980568
  5.527989
  0.016198
  0.016198
  0.016198
  0.016198
  0.016198
  0.016198
  0.016198
  0.016198
  0.016198
  0.016198
  0.016198
  0.016198
  0.016198
  0.016198
  0.016198
  0.016198
  0.016198
  0.016198
  0.016198
  0.016198
  0.016198
  0.016198
  0.016198
  0.016198
  0.016198
  0.016198
  0.016198
  0.016198
  0.016198
  0.016198
  0.016198
  0.016198
  0.016198
  0.016198
  0.016198
  0.016198
