  3.401583
  5.985139
  2.935739
  1.079597
  10.194487
  9.799789
  28.454151
  20.443385
  31.528745
  5.635773
  23.727946
  2.757761
  47.841930
  38.649931
  6.494371
  6.184128
  31.646528
  35.790553
  9.877930
  1.078746
  48.315019
  43.052014
  32.738152
  26.273434
  8.866775
  17.391506
  16.741535
  22.603361
  45.588614
  10.019720
  12.096217
  11.711076
  6.629807
  14.725824
  10.739344
  1.025585
  8.070019
  4.151131
  2.546485
  16.583557
  4.425761
  2.156575
  1.485583
  9.343482
  1.499644
