  0.988644
  1.089930
  1.033201
  4.631064
  4.699512
  10.025841
  0.225852
  1.701994
  1.346714
  2.590099
  2.524995
  13.571331
  8.157551
  4.485782
  4.193423
  0.431044
  0.958336
  1.107863
  0.940298
  0.720732
  1.833420
  3.724279
  1.134773
  1.079470
  1.501116
  7.523351
  5.147781
  0.649052
  0.651650
  4.900996
  3.320594
  0.881793
  3.896235
  1.530722
  1.696150
  3.045871
  4.036656
  5.742293
  0.177241
  1.607575
  13.553190
  1.297168
  3.781268
  3.158339
  0.976440
  7.889893
  1.262542
  0.731233
