  0.318198
  0.405900
  0.530019
  2.855796
  0.093885
  0.216654
  0.169845
  0.265231
  0.085066
  0.081560
  0.138812
  0.114877
  0.460580
  0.682100
  0.231115
  0.031970
  0.950713
  0.253222
  0.088262
  0.119557
  0.132259
  0.046872
  0.041828
  0.044460
  0.088442
  0.037871
  0.043686
  0.097218
  0.033482
  0.042608
  0.037946
  0.035161
  0.140379
  0.033659
  0.021519
  0.033501
  0.028520
  0.027414
  0.021186
  0.033473
  0.049562
  0.014153
  0.026994
  0.031785
  0.028424
  0.128949
  0.054002
  0.054037
  0.079604
  0.097298
  0.246530
  0.014344
  0.032294
  0.012638
  0.009227
  0.018900
  0.008705
  0.007104
  0.003397
  0.610905
  0.260784
  0.037340
  0.066515
  0.157679
  0.059724
  0.069266
  0.058066
  0.039638
  0.025691
  0.150458
  0.013811
  0.033285
  0.771089
  0.192050
  0.407552
  0.206127
  0.064459
  0.101469
  0.041080
  0.020270
  0.127479
  0.027973
  0.015125
  0.024491
  0.024456
  0.097723
  0.020598
  0.068345
  0.143298
  0.135723
  0.097911
  0.062633
  0.323343
  0.142382
  0.050993
  0.122147
  0.012410
  0.009180
  0.898789
  0.539840
  1.385268
  0.293581
  0.080720
  0.116709
  0.301307
  0.060899
  0.081676
  0.092109
  0.021361
  0.037572
  0.128175
  0.042117
  0.151192
  0.106755
  0.034890
  0.021300
  0.047472
  0.077309
  0.079355
  0.017622
