  32.771965
  87.153168
  110.984336
  55.129385
  105.986980
  112.042333
  114.089595
  78.524995
  133.693129
  139.623204
  113.641044
  79.284138
  70.448697
  135.703210
  42.014131
  108.519256
  79.263655
  63.832590
  95.288151
  154.270466
  138.288207
  221.399826
  184.855891
  209.460300
  219.375163
  200.892026
  203.518879
  278.946150
  11.684694
  26.931961
  28.545311
  56.916848
  394.023830
  365.257703
  347.260808
  411.548752
  674.618560
  153.204211
  82.281548
  93.632172
  24.550298
  19.093187
  76.865575
  25.290355
  37.034986
  27.394141
  15.938676
  22.384742
  117.769220
  8.236713
  21.380363
  33.248116
  10.583535
  2.894306
  10.181117
  10.343046
  6.905349
  8.976695
  101.279089
  47.571258
  23.262785
  5.634618
  24.935331
  19.565834
  47.405749
  52.517309
  65.551480
  29.040471
  105.687360
  83.834828
  37.049059
  5.269489
  17.215122
  22.200715
  13.021850
  12.145036
  20.697496
  149.045041
  24.328003
  6.892632
  107.008447
  26.287925
  20.757561
  25.970086
  7.154206
  7.772819
  15.168683
  47.582018
  5.864773
  10.310974
  9.935334
  14.617971
  15.221072
  22.453672
  26.230506
  42.338559
  88.907496
  13.906852
  15.402319
