 48
100 1
0.000019	0.021782	0.187649	0.138715	0.013677	0.131464	0.128619	0.225920	0.193556	0.064484	0.233356	0.088513	0.031537	0.130029	0.155549	0.029162	0.087473	0.146637	0.284409	0.231674	0.016514	0.078927	0.177993	0.072885	0.068259	0.105783	0.205253	0.145506	0.135046	0.045593	0.026264	0.291682	0.280952	0.097263	0.003039	0.058954	0.188839	0.218695	0.217671	0.384858	0.351056	0.312763	0.019367	0.244082	0.105043	0.055162	0.234207	0.053253	0.193668	0.067058	0.128457	0.028856	0.260647	0.454917	0.142586	0.103825	0.112229	0.086157	0.170076	0.072622	0.293803	0.240875	0.156002	0.290859	0.099976	0.270739	0.133017	0.032039	0.046869	0.245343	0.105100	0.008327	0.107420	0.133979	0.058858	0.225544	0.084427	0.026185	0.119227	0.016623	0.270849	0.292222	0.178580	0.140214	0.018271	0.089622	0.006585	0.045358	0.119810	0.193351	0.104248	0.051750	0.390880	0.060904	0.226123	0.089445	0.004646	0.074064	0.000157	0.242440	
100 1
0.371429	0.351670	0.305065	0.281008	0.276024	0.251073	0.234139	0.211349	0.202709	0.206436	0.198615	0.203698	0.213372	0.214080	0.213110	0.222325	0.223488	0.219274	0.208418	0.204007	0.210014	0.216733	0.216534	0.220749	0.224839	0.225562	0.219509	0.217169	0.216084	0.221023	0.227706	0.216112	0.207558	0.204264	0.213363	0.221233	0.219217	0.214928	0.210643	0.203540	0.190394	0.179012	0.174494	0.182952	0.183286	0.188718	0.197076	0.197701	0.206081	0.208709	0.216923	0.222958	0.233641	0.229941	0.224057	0.228524	0.234633	0.240174	0.246920	0.250667	0.256588	0.259092	0.264772	0.271012	0.277579	0.285107	0.292675	0.298267	0.304372	0.312538	0.318548	0.323175	0.330839	0.337675	0.342822	0.350187	0.355718	0.360821	0.367815	0.371896	0.377827	0.381893	0.390060	0.398360	0.403541	0.409981	0.414086	0.419167	0.424247	0.428670	0.433487	0.438110	0.436560	0.441550	0.447944	0.453437	0.457588	0.461917	0.464825	0.465824	
100 1
0.128457	0.028856	0.260647	0.454917	0.142586	0.103825	0.112229	0.086157	0.170076	0.072622	0.293803	0.240875	0.156002	0.290859	0.099976	0.270739	0.133017	0.032039	0.046869	0.245343	0.105100	0.008327	0.107420	0.133979	0.058858	0.225544	0.084427	0.026185	0.119227	0.016623	0.270849	0.292222	0.178580	0.140214	0.018271	0.089622	0.006585	0.045358	0.119810	0.193351	0.104248	0.051750	0.390880	0.060904	0.226123	0.089445	0.004646	0.074064	0.000157	0.242440	0.311029	0.096257	0.178014	0.267838	0.305700	0.290168	0.208407	0.080817	0.255238	0.150373	0.172234	0.323310	0.374962	0.086099	0.242337	0.136368	0.143999	0.037113	0.020706	0.255491	0.072941	0.047860	0.048609	0.246505	0.094767	0.150115	0.167678	0.034497	0.146267	0.218213	0.453868	0.346374	0.411531	0.288019	0.162560	0.016449	0.104009	0.229290	0.109716	0.072722	0.397493	0.409188	0.010918	0.049995	0.142765	0.119874	0.103241	0.157838	0.080964	0.325142	
100 1
0.369558	0.359210	0.325439	0.314231	0.323405	0.322737	0.322771	0.323575	0.321473	0.325056	0.319977	0.325822	0.333334	0.337378	0.347407	0.352502	0.362241	0.369159	0.374735	0.378027	0.383871	0.389473	0.393786	0.396468	0.399912	0.400598	0.403432	0.407854	0.409577	0.412117	0.406894	0.401341	0.403864	0.407617	0.411626	0.414616	0.417586	0.420271	0.417991	0.411604	0.410029	0.411687	0.393870	0.394092	0.392244	0.392697	0.397170	0.398477	0.401246	0.390164	0.375049	0.375447	0.374316	0.368410	0.363809	0.363328	0.367337	0.372549	0.375727	0.380420	0.386112	0.388568	0.391038	0.399087	0.406803	0.414880	0.422956	0.428463	0.433104	0.439139	0.444803	0.450040	0.454588	0.459060	0.464059	0.470035	0.475602	0.479664	0.484486	0.488242	0.483779	0.488436	0.492402	0.502740	0.513831	0.518776	0.525654	0.534680	0.543362	0.549400	0.552470	0.558552	0.565310	0.569303	0.577295	0.585005	0.591450	0.598942	0.603897	0.608653	
100 1
0.311029	0.096257	0.178014	0.267838	0.305700	0.290168	0.208407	0.080817	0.255238	0.150373	0.172234	0.323310	0.374962	0.086099	0.242337	0.136368	0.143999	0.037113	0.020706	0.255491	0.072941	0.047860	0.048609	0.246505	0.094767	0.150115	0.167678	0.034497	0.146267	0.218213	0.453868	0.346374	0.411531	0.288019	0.162560	0.016449	0.104009	0.229290	0.109716	0.072722	0.397493	0.409188	0.010918	0.049995	0.142765	0.119874	0.103241	0.157838	0.080964	0.325142	0.256676	0.312820	0.301022	0.070045	0.013278	0.132535	0.200843	0.145802	0.451244	0.260215	0.026324	0.303711	0.317863	0.310923	0.266721	0.009213	0.099829	0.369117	0.277039	0.421333	0.415273	0.544954	0.320108	0.039618	0.063579	0.091231	0.146290	0.145678	0.052194	0.130321	0.039409	0.391393	0.157551	0.010491	0.154869	0.141178	0.759779	0.460233	0.094156	0.001443	0.043996	0.189556	0.596266	0.133451	0.002835	0.150335	0.084086	0.015714	0.211505	0.103089	
100 1
0.394096	0.393122	0.384401	0.380393	0.385197	0.395864	0.407119	0.412282	0.417335	0.428257	0.435576	0.444344	0.457414	0.472059	0.481812	0.495063	0.504963	0.511179	0.514613	0.520697	0.527883	0.531668	0.534461	0.536974	0.540899	0.544229	0.547046	0.548870	0.549498	0.548586	0.537733	0.539444	0.540432	0.549430	0.559381	0.563193	0.568707	0.575952	0.582443	0.586512	0.586382	0.589254	0.594060	0.597056	0.602872	0.607909	0.611628	0.615740	0.617536	0.617878	0.622855	0.627276	0.633908	0.638439	0.638676	0.641721	0.645614	0.648580	0.642341	0.650169	0.651269	0.655453	0.661678	0.669242	0.679000	0.680205	0.683174	0.686632	0.696769	0.699502	0.706008	0.705554	0.720579	0.724919	0.726959	0.732531	0.740763	0.749013	0.750392	0.754423	0.753175	0.754157	0.762132	0.757137	0.758154	0.758524	0.728194	0.732026	0.736717	0.732810	0.731163	0.735281	0.720885	0.730584	0.726106	0.728818	0.728450	0.723519	0.722046	0.717887	
100 1
0.256676	0.312820	0.301022	0.070045	0.013278	0.132535	0.200843	0.145802	0.451244	0.260215	0.026324	0.303711	0.317863	0.310923	0.266721	0.009213	0.099829	0.369117	0.277039	0.421333	0.415273	0.544954	0.320108	0.039618	0.063579	0.091231	0.146290	0.145678	0.052194	0.130321	0.039409	0.391393	0.157551	0.010491	0.154869	0.141178	0.759779	0.460233	0.094156	0.001443	0.043996	0.189556	0.596266	0.133451	0.002835	0.150335	0.084086	0.015714	0.211505	0.103089	0.335925	0.232300	0.361244	0.353416	0.462192	0.153027	0.581831	0.137554	0.266332	0.565907	0.580182	0.245404	0.270658	0.229982	0.389597	0.036512	0.540489	0.273989	0.254531	0.199968	0.650364	0.813313	0.037840	0.452385	0.055165	0.252538	0.357321	0.194353	0.412759	0.532780	0.245522	0.136566	0.173015	0.023383	0.016449	0.413950	0.741481	0.380233	0.134358	0.189483	0.011449	0.047325	0.146375	0.037045	0.177326	0.145884	0.042594	0.127314	0.189946	0.185463	
100 1
0.381233	0.393802	0.410116	0.412851	0.407445	0.399205	0.395103	0.394980	0.387429	0.404772	0.412333	0.415167	0.427728	0.441508	0.457246	0.466217	0.472297	0.478209	0.493413	0.501193	0.513363	0.519866	0.539317	0.549163	0.554636	0.562901	0.573547	0.584967	0.591741	0.600327	0.605676	0.610365	0.624735	0.627123	0.635088	0.644234	0.629681	0.640792	0.651287	0.651380	0.654152	0.663696	0.658463	0.674825	0.673819	0.681360	0.687325	0.687365	0.694519	0.699213	0.703791	0.713626	0.718833	0.727224	0.729587	0.742883	0.735447	0.753812	0.761038	0.759498	0.763622	0.781485	0.789218	0.802461	0.808245	0.817774	0.807877	0.831007	0.837993	0.849369	0.837617	0.835548	0.858198	0.841127	0.859702	0.858676	0.867800	0.881842	0.879610	0.881361	0.898783	0.901362	0.906545	0.908186	0.902087	0.900986	0.890972	0.910024	0.913315	0.916513	0.917142	0.912130	0.917462	0.915831	0.919307	0.924584	0.917583	0.914070	0.915705	0.915796	
100 1
0.335925	0.232300	0.361244	0.353416	0.462192	0.153027	0.581831	0.137554	0.266332	0.565907	0.580182	0.245404	0.270658	0.229982	0.389597	0.036512	0.540489	0.273989	0.254531	0.199968	0.650364	0.813313	0.037840	0.452385	0.055165	0.252538	0.357321	0.194353	0.412759	0.532780	0.245522	0.136566	0.173015	0.023383	0.016449	0.413950	0.741481	0.380233	0.134358	0.189483	0.011449	0.047325	0.146375	0.037045	0.177326	0.145884	0.042594	0.127314	0.189946	0.185463	0.087941	0.097283	0.013842	0.026773	0.128321	0.210482	0.403122	0.073682	0.126394	0.011356	0.079715	0.008123	0.082840	0.104045	0.159951	0.081826	0.118160	0.179341	0.105615	0.144789	0.018067	0.147742	0.003924	0.191474	0.029033	0.126763	0.040806	0.054356	0.019630	0.029064	0.041979	0.096195	0.376289	0.262745	0.286091	0.127091	0.048983	0.008307	0.034977	0.015638	0.020719	0.016025	0.019665	0.093252	0.081670	0.136921	0.053569	0.070551	0.053081	0.015599	
100 1
0.401635	0.413740	0.430997	0.452658	0.469566	0.489757	0.487638	0.518941	0.528586	0.538033	0.560126	0.593864	0.609340	0.630806	0.644287	0.660163	0.653921	0.687792	0.700780	0.717217	0.710911	0.717341	0.747008	0.735074	0.756591	0.758423	0.770170	0.786948	0.788111	0.794091	0.814451	0.819374	0.825719	0.828512	0.824075	0.823889	0.819134	0.841134	0.846959	0.851028	0.853181	0.850108	0.856996	0.858919	0.864909	0.874297	0.872694	0.874911	0.882735	0.889808	0.888260	0.884201	0.873520	0.860586	0.851062	0.844066	0.836503	0.827633	0.816890	0.802478	0.786383	0.768827	0.747897	0.724398	0.697000	0.675020	0.649658	0.617949	0.596103	0.569950	0.558245	0.529485	0.519910	0.481864	0.472438	0.447794	0.437317	0.424705	0.416262	0.405278	0.390892	0.365660	0.271275	0.230103	0.196618	0.187657	0.188370	0.193763	0.197049	0.201540	0.206393	0.211557	0.215829	0.204190	0.193807	0.175449	0.172663	0.166650	0.163531	0.164661	
100 1
0.087941	0.097283	0.013842	0.026773	0.128321	0.210482	0.403122	0.073682	0.126394	0.011356	0.079715	0.008123	0.082840	0.104045	0.159951	0.081826	0.118160	0.179341	0.105615	0.144789	0.018067	0.147742	0.003924	0.191474	0.029033	0.126763	0.040806	0.054356	0.019630	0.029064	0.041979	0.096195	0.376289	0.262745	0.286091	0.127091	0.048983	0.008307	0.034977	0.015638	0.020719	0.016025	0.019665	0.093252	0.081670	0.136921	0.053569	0.070551	0.053081	0.015599	0.055287	0.018965	0.014571	0.031785	0.337521	0.065806	0.081496	0.104220	0.038107	0.007836	0.007747	0.020205	0.010547	0.058721	0.003342	0.175533	0.122527	0.154107	0.157617	0.098460	0.067772	0.036036	0.006799	0.017211	0.066443	0.030751	0.067243	0.022333	0.039241	0.002760	0.067297	0.022187	0.043359	0.199221	0.106917	0.028558	0.200729	0.213120	0.123204	0.005558	0.045907	0.023662	0.014063	0.016159	0.044641	0.071829	0.038737	0.026009	0.219880	0.243992	
100 1
0.369505	0.349863	0.339628	0.322246	0.286497	0.249687	0.221916	0.226301	0.224016	0.231560	0.233824	0.242255	0.243618	0.241602	0.234185	0.235062	0.233538	0.227523	0.227762	0.226068	0.234407	0.230627	0.239611	0.228333	0.233810	0.227574	0.231112	0.230818	0.234120	0.233915	0.230843	0.219293	0.186306	0.171429	0.159703	0.154355	0.161025	0.173598	0.183565	0.192519	0.198682	0.203705	0.206485	0.198757	0.193599	0.181774	0.181060	0.177021	0.175941	0.178392	0.174296	0.175628	0.175412	0.171997	0.133851	0.131653	0.127778	0.124844	0.127875	0.132841	0.137229	0.139088	0.141314	0.135194	0.138131	0.114497	0.106379	0.094607	0.086229	0.083525	0.083918	0.087462	0.093300	0.097257	0.095252	0.097425	0.093545	0.096023	0.094572	0.098428	0.091758	0.093268	0.089447	0.068658	0.063570	0.064439	0.050670	0.042016	0.037889	0.043152	0.046537	0.052386	0.057414	0.061675	0.062326	0.060035	0.061140	0.062502	0.045493	0.034357	
100 1
0.055287	0.018965	0.014571	0.031785	0.337521	0.065806	0.081496	0.104220	0.038107	0.007836	0.007747	0.020205	0.010547	0.058721	0.003342	0.175533	0.122527	0.154107	0.157617	0.098460	0.067772	0.036036	0.006799	0.017211	0.066443	0.030751	0.067243	0.022333	0.039241	0.002760	0.067297	0.022187	0.043359	0.199221	0.106917	0.028558	0.200729	0.213120	0.123204	0.005558	0.045907	0.023662	0.014063	0.016159	0.044641	0.071829	0.038737	0.026009	0.219880	0.243992	0.054614	0.092893	0.042776	0.221334	0.012556	0.166087	0.069678	0.036027	0.003955	0.170627	0.085202	0.048268	0.091889	0.151990	0.022391	0.039093	0.050026	0.091901	0.177327	0.196369	0.248888	0.155560	0.028436	0.019053	0.017840	0.005425	0.015614	0.000746	0.082634	0.131235	0.019764	0.086274	0.031414	0.036789	0.066646	0.000672	0.004873	0.019344	0.041957	0.086560	0.127201	0.059158	0.060178	0.010912	0.052191	0.053082	0.143718	0.029513	0.053249	0.001068	
100 1
0.370047	0.355016	0.337085	0.312020	0.243028	0.243750	0.235205	0.227041	0.229185	0.233602	0.234723	0.230693	0.227403	0.212734	0.212969	0.176790	0.168162	0.154603	0.146168	0.145084	0.146509	0.150979	0.157523	0.160992	0.156743	0.157877	0.151601	0.152977	0.149558	0.152145	0.142453	0.142395	0.136379	0.110761	0.104586	0.105091	0.088556	0.078377	0.073868	0.079501	0.082734	0.088482	0.093359	0.097240	0.096997	0.093459	0.093813	0.094458	0.074513	0.061795	0.060489	0.059239	0.063580	0.055282	0.060248	0.054766	0.057595	0.061278	0.068110	0.061461	0.062357	0.064054	0.063241	0.059184	0.063666	0.065967	0.068591	0.066823	0.059455	0.052721	0.045095	0.040992	0.045261	0.052843	0.060589	0.068117	0.073755	0.080229	0.077220	0.071298	0.075184	0.070959	0.074397	0.075260	0.073350	0.078773	0.081659	0.083009	0.080788	0.072821	0.062019	0.060235	0.057193	0.060788	0.058190	0.056829	0.045316	0.047940	0.045434	0.050650	
100 1
0.054614	0.092893	0.042776	0.221334	0.012556	0.166087	0.069678	0.036027	0.003955	0.170627	0.085202	0.048268	0.091889	0.151990	0.022391	0.039093	0.050026	0.091901	0.177327	0.196369	0.248888	0.155560	0.028436	0.019053	0.017840	0.005425	0.015614	0.000746	0.082634	0.131235	0.019764	0.086274	0.031414	0.036789	0.066646	0.000672	0.004873	0.019344	0.041957	0.086560	0.127201	0.059158	0.060178	0.010912	0.052191	0.053082	0.143718	0.029513	0.053249	0.001068	0.085053	0.045681	0.063575	0.012263	0.052632	0.041532	0.031525	0.001555	0.046404	0.085187	0.147569	0.053105	0.025413	0.003758	0.186253	0.008328	0.035177	0.017489	0.142426	0.074598	0.066112	0.085385	0.023930	0.049852	0.061136	0.013432	0.095268	0.137997	0.031891	0.001338	0.005183	0.165228	0.138419	0.072679	0.133233	0.354298	0.041876	0.140943	0.043972	0.061127	0.106333	0.152825	0.153952	0.163482	0.074890	0.179495	0.122657	0.090895	0.050681	0.209692	
100 1
0.370062	0.347404	0.331767	0.289763	0.287305	0.260325	0.253814	0.251206	0.254161	0.227047	0.222564	0.222656	0.215093	0.201128	0.208590	0.208520	0.206795	0.197667	0.180086	0.168138	0.156972	0.153826	0.160421	0.169183	0.177172	0.184444	0.188338	0.192732	0.183264	0.170095	0.172577	0.163432	0.164443	0.162203	0.156087	0.159657	0.159859	0.157755	0.151442	0.138537	0.122884	0.119125	0.113879	0.116316	0.111460	0.108025	0.092892	0.094875	0.090930	0.095544	0.087060	0.086553	0.081690	0.084420	0.080044	0.078757	0.077727	0.080482	0.075654	0.067185	0.053148	0.052116	0.052341	0.055955	0.038801	0.044517	0.042967	0.046261	0.034592	0.033287	0.030655	0.027442	0.030511	0.029697	0.028853	0.032471	0.026265	0.019190	0.021327	0.025023	0.029152	0.017135	0.011751	0.010000	0.004725	-0.006744	-0.010892	-0.011437	-0.005972	-0.002518	-0.000925	-0.001844	-0.003225	-0.004784	-0.003007	-0.003482	-0.002186	-0.000106	0.004331	0.003807	
100 1
0.085053	0.045681	0.063575	0.012263	0.052632	0.041532	0.031525	0.001555	0.046404	0.085187	0.147569	0.053105	0.025413	0.003758	0.186253	0.008328	0.035177	0.017489	0.142426	0.074598	0.066112	0.085385	0.023930	0.049852	0.061136	0.013432	0.095268	0.137997	0.031891	0.001338	0.005183	0.165228	0.138419	0.072679	0.133233	0.354298	0.041876	0.140943	0.043972	0.061127	0.106333	0.152825	0.153952	0.163482	0.074890	0.179495	0.122657	0.090895	0.050681	0.209692	0.298661	0.393616	0.044304	0.003292	0.052529	0.084397	0.044026	0.078053	0.104903	0.004840	0.045045	0.010351	0.210750	0.238809	0.244346	0.136125	0.072599	0.310675	0.192427	0.065017	0.012897	0.030813	0.240212	0.265637	0.058844	0.207889	0.066664	0.398688	0.066407	0.178780	0.091685	0.106184	0.211084	0.233995	0.225770	0.388692	0.081585	0.045149	0.067777	0.100941	0.225638	0.019948	0.108097	0.180269	0.182708	0.210761	0.075935	0.070492	0.165776	0.032267	
100 1
0.369537	0.354254	0.333632	0.318967	0.294856	0.275348	0.259041	0.249821	0.228630	0.204636	0.176967	0.177266	0.176944	0.179692	0.149123	0.160554	0.157450	0.160030	0.140510	0.138823	0.134986	0.129552	0.132949	0.130311	0.127169	0.130224	0.119647	0.108011	0.110110	0.113570	0.116655	0.098049	0.089601	0.086839	0.078903	0.062587	0.059362	0.057981	0.063732	0.067344	0.068151	0.065873	0.063448	0.060978	0.062904	0.061469	0.062405	0.064600	0.069517	0.067598	0.063534	0.054807	0.044704	0.056811	0.068697	0.076358	0.083203	0.087333	0.089943	0.097086	0.100889	0.108112	0.099247	0.092565	0.085239	0.082367	0.086394	0.085601	0.081746	0.084423	0.094397	0.103931	0.104082	0.101579	0.101170	0.103950	0.108255	0.107463	0.101070	0.107244	0.113124	0.120187	0.124834	0.126253	0.126389	0.125287	0.117017	0.126785	0.139837	0.150147	0.156336	0.161393	0.168378	0.173313	0.175758	0.177356	0.180605	0.188110	0.193119	0.199824	
100 1
0.298661	0.393616	0.044304	0.003292	0.052529	0.084397	0.044026	0.078053	0.104903	0.004840	0.045045	0.010351	0.210750	0.238809	0.244346	0.136125	0.072599	0.310675	0.192427	0.065017	0.012897	0.030813	0.240212	0.265637	0.058844	0.207889	0.066664	0.398688	0.066407	0.178780	0.091685	0.106184	0.211084	0.233995	0.225770	0.388692	0.081585	0.045149	0.067777	0.100941	0.225638	0.019948	0.108097	0.180269	0.182708	0.210761	0.075935	0.070492	0.165776	0.032267	0.021540	0.262580	0.469364	0.204157	0.197095	0.160927	0.021027	0.012620	0.200803	0.000542	0.099026	0.034877	0.022502	0.113482	0.049378	0.264175	0.141331	0.076680	0.063118	0.332516	0.033074	0.240164	0.513226	0.255309	0.232842	0.291510	0.213152	0.027182	0.135095	0.039546	0.230737	0.013651	0.324771	0.224635	0.217508	0.126223	0.173793	0.601370	0.246634	0.189481	0.027898	0.007571	0.403160	0.147273	0.248778	0.034776	0.072313	0.297816	0.072213	0.043664	
100 1
0.390716	0.422183	0.427808	0.419669	0.409738	0.399272	0.392562	0.382603	0.371508	0.371902	0.366464	0.365195	0.334426	0.310258	0.295235	0.293140	0.294887	0.278477	0.275214	0.279706	0.285847	0.290798	0.280982	0.269587	0.271765	0.270363	0.271730	0.262605	0.263921	0.267613	0.270219	0.273896	0.274873	0.274909	0.277188	0.276765	0.282329	0.288658	0.294504	0.299888	0.303832	0.306703	0.313116	0.317151	0.320708	0.325183	0.330326	0.336073	0.341600	0.345511	0.350838	0.354162	0.348437	0.354824	0.363177	0.371003	0.376324	0.381280	0.387930	0.391304	0.397503	0.401346	0.405681	0.409565	0.411861	0.411850	0.413925	0.418144	0.421818	0.418671	0.421559	0.424476	0.414851	0.420725	0.428932	0.435670	0.444890	0.450851	0.458292	0.463354	0.470413	0.474869	0.479381	0.487788	0.496976	0.505589	0.514286	0.509245	0.522962	0.534112	0.539907	0.542820	0.546210	0.558719	0.568635	0.575055	0.580352	0.588388	0.596416	0.600022	
100 1
0.021540	0.262580	0.469364	0.204157	0.197095	0.160927	0.021027	0.012620	0.200803	0.000542	0.099026	0.034877	0.022502	0.113482	0.049378	0.264175	0.141331	0.076680	0.063118	0.332516	0.033074	0.240164	0.513226	0.255309	0.232842	0.291510	0.213152	0.027182	0.135095	0.039546	0.230737	0.013651	0.324771	0.224635	0.217508	0.126223	0.173793	0.601370	0.246634	0.189481	0.027898	0.007571	0.403160	0.147273	0.248778	0.034776	0.072313	0.297816	0.072213	0.043664	0.134154	0.173778	0.012915	0.181431	0.083418	0.038317	0.081075	0.048425	0.237574	0.074248	0.081933	0.125046	0.086974	0.285891	0.012284	0.496615	0.404187	0.291216	0.044724	0.521785	0.073166	0.404489	0.024274	0.148518	0.211881	0.370987	0.003139	0.036167	0.073830	0.154117	0.180103	0.074609	0.080164	0.183884	0.131618	0.127960	0.325497	0.145116	0.095985	0.013763	0.232855	0.116926	0.077763	0.024713	0.339230	0.036523	0.255136	0.410969	0.389566	0.352613	
100 1
0.370869	0.336812	0.336696	0.350457	0.354092	0.359519	0.362719	0.362831	0.358637	0.364707	0.362215	0.364298	0.366227	0.360171	0.359364	0.341593	0.337845	0.339379	0.340546	0.322315	0.325874	0.319877	0.299676	0.301401	0.306575	0.309689	0.315889	0.322087	0.328515	0.333198	0.338123	0.341708	0.344640	0.348789	0.355655	0.362924	0.370264	0.366464	0.376469	0.387011	0.393375	0.397800	0.401821	0.411705	0.420973	0.428018	0.434476	0.441971	0.450419	0.456074	0.463945	0.472682	0.477546	0.485551	0.492217	0.496935	0.502168	0.506125	0.511061	0.515544	0.519874	0.523694	0.526578	0.527334	0.529589	0.518978	0.518181	0.525971	0.531991	0.527867	0.537384	0.540647	0.547956	0.555835	0.565412	0.571459	0.577180	0.580226	0.585007	0.591964	0.599540	0.603983	0.607324	0.612234	0.616194	0.619235	0.620306	0.625150	0.627523	0.626943	0.627267	0.627192	0.625922	0.623338	0.612876	0.610182	0.604751	0.592112	0.587414	0.588969	
100 1
0.134154	0.173778	0.012915	0.181431	0.083418	0.038317	0.081075	0.048425	0.237574	0.074248	0.081933	0.125046	0.086974	0.285891	0.012284	0.496615	0.404187	0.291216	0.044724	0.521785	0.073166	0.404489	0.024274	0.148518	0.211881	0.370987	0.003139	0.036167	0.073830	0.154117	0.180103	0.074609	0.080164	0.183884	0.131618	0.127960	0.325497	0.145116	0.095985	0.013763	0.232855	0.116926	0.077763	0.024713	0.339230	0.036523	0.255136	0.410969	0.389566	0.352613	0.099054	0.083781	0.299954	0.310960	0.024823	0.288462	0.176943	0.274911	0.215350	0.291666	0.628208	0.171313	0.169365	0.006607	0.317074	0.383305	0.069940	0.148031	0.101028	0.396892	0.082414	0.269361	0.183285	0.644742	0.691295	0.144239	0.008648	0.656075	0.661348	0.390872	0.423921	0.159893	0.596184	0.810563	0.105326	0.276791	0.302175	0.422004	0.343940	0.119338	0.795679	0.496072	0.262171	0.640027	0.812678	0.018414	0.192620	0.018537	0.437667	0.144567	
100 1
0.369658	0.351623	0.347642	0.320900	0.310973	0.304625	0.293287	0.287459	0.258586	0.256557	0.253309	0.245495	0.242483	0.222964	0.229127	0.204199	0.196127	0.200415	0.209011	0.204870	0.211955	0.215181	0.221821	0.229919	0.236429	0.239978	0.245493	0.252469	0.260069	0.267714	0.273394	0.277846	0.284164	0.291106	0.295981	0.301879	0.306296	0.312657	0.319704	0.324795	0.332468	0.338353	0.344566	0.349661	0.354508	0.358960	0.366263	0.369098	0.375361	0.384395	0.395024	0.402513	0.410806	0.420937	0.428949	0.437289	0.449564	0.459942	0.472638	0.483625	0.485816	0.505605	0.515654	0.521120	0.528642	0.540567	0.553559	0.561923	0.571964	0.578635	0.593649	0.602275	0.617219	0.614577	0.622334	0.644973	0.643765	0.636708	0.648422	0.665848	0.672954	0.690354	0.684359	0.688659	0.719068	0.716046	0.728576	0.734688	0.748596	0.760110	0.739984	0.767564	0.778042	0.766335	0.769906	0.799748	0.786221	0.791912	0.782866	0.805390	
100 1
0.099054	0.083781	0.299954	0.310960	0.024823	0.288462	0.176943	0.274911	0.215350	0.291666	0.628208	0.171313	0.169365	0.006607	0.317074	0.383305	0.069940	0.148031	0.101028	0.396892	0.082414	0.269361	0.183285	0.644742	0.691295	0.144239	0.008648	0.656075	0.661348	0.390872	0.423921	0.159893	0.596184	0.810563	0.105326	0.276791	0.302175	0.422004	0.343940	0.119338	0.795679	0.496072	0.262171	0.640027	0.812678	0.018414	0.192620	0.018537	0.437667	0.144567	0.436700	0.253480	0.396158	0.440543	0.051276	0.043854	0.367521	0.065483	0.791626	0.435067	0.333511	0.240578	0.311739	0.197610	0.014212	0.439152	0.634242	0.199778	0.344516	0.387295	0.128639	0.166454	0.173371	0.206270	0.177332	0.022232	0.091686	0.154630	0.303216	0.031140	0.038466	0.034836	0.104827	0.070930	0.001991	0.152722	0.283682	0.260711	0.227947	0.328358	0.502064	0.150261	0.006588	0.016175	0.051024	0.056262	0.044702	0.156543	0.060247	0.194994	
100 1
0.369421	0.351985	0.323069	0.318155	0.322529	0.313182	0.318935	0.321338	0.331372	0.339893	0.336873	0.364092	0.375293	0.383971	0.390771	0.403287	0.418080	0.427685	0.437900	0.443814	0.457908	0.467638	0.481446	0.478853	0.484329	0.505804	0.509464	0.505487	0.514665	0.532063	0.542391	0.560124	0.559502	0.564776	0.592713	0.596636	0.610837	0.620245	0.636038	0.649766	0.636904	0.662921	0.677377	0.671908	0.678018	0.706725	0.700088	0.706562	0.702116	0.724669	0.721232	0.741104	0.742931	0.752026	0.766268	0.760065	0.759796	0.776089	0.752606	0.783116	0.787629	0.797127	0.801242	0.813413	0.813583	0.804910	0.808434	0.832918	0.826626	0.834185	0.847553	0.847352	0.854465	0.860800	0.869022	0.870235	0.869294	0.876439	0.882994	0.889928	0.883826	0.882139	0.884777	0.886029	0.878909	0.881222	0.890242	0.899881	0.907182	0.913670	0.910683	0.921414	0.909179	0.898540	0.889781	0.879464	0.866043	0.855479	0.839736	0.824788	
100 1
0.436700	0.253480	0.396158	0.440543	0.051276	0.043854	0.367521	0.065483	0.791626	0.435067	0.333511	0.240578	0.311739	0.197610	0.014212	0.439152	0.634242	0.199778	0.344516	0.387295	0.128639	0.166454	0.173371	0.206270	0.177332	0.022232	0.091686	0.154630	0.303216	0.031140	0.038466	0.034836	0.104827	0.070930	0.001991	0.152722	0.283682	0.260711	0.227947	0.328358	0.502064	0.150261	0.006588	0.016175	0.051024	0.056262	0.044702	0.156543	0.060247	0.194994	0.013296	0.200820	0.120172	0.023465	0.061825	0.041137	0.140571	0.418761	0.240168	0.112023	0.329155	0.105645	0.089246	0.072088	0.015982	0.030557	0.021214	0.031086	0.041944	0.077066	0.063652	0.092204	0.242793	0.193685	0.374348	0.264466	0.051882	0.056777	0.043159	0.052130	0.024442	0.083252	0.098400	0.041385	0.024526	0.046839	0.011662	0.043396	0.016826	0.006631	0.259934	0.152435	0.283713	0.001334	0.062826	0.030663	0.022020	0.016868	0.034918	0.039439	
100 1
0.437778	0.465389	0.491080	0.517494	0.523425	0.512695	0.520063	0.529444	0.504501	0.547956	0.567539	0.590190	0.608010	0.629757	0.632769	0.635742	0.644880	0.676359	0.683924	0.700400	0.718669	0.727325	0.740511	0.753486	0.766742	0.769097	0.772167	0.782023	0.793079	0.797959	0.794614	0.793087	0.795215	0.794724	0.787974	0.787000	0.789962	0.794173	0.797729	0.801236	0.795769	0.804076	0.796530	0.789499	0.782984	0.774818	0.764338	0.752943	0.739882	0.723413	0.709944	0.688479	0.670511	0.657470	0.640331	0.622960	0.594598	0.532883	0.510365	0.502464	0.474146	0.467990	0.464457	0.460004	0.459821	0.457804	0.455096	0.450243	0.442555	0.428574	0.416520	0.399485	0.351400	0.321176	0.269151	0.245782	0.247740	0.248699	0.249414	0.249193	0.251344	0.246295	0.236155	0.233536	0.235789	0.234877	0.237657	0.236641	0.238038	0.241370	0.193226	0.173501	0.149634	0.148736	0.155831	0.163545	0.169394	0.173567	0.173235	0.171225	
100 1
0.013296	0.200820	0.120172	0.023465	0.061825	0.041137	0.140571	0.418761	0.240168	0.112023	0.329155	0.105645	0.089246	0.072088	0.015982	0.030557	0.021214	0.031086	0.041944	0.077066	0.063652	0.092204	0.242793	0.193685	0.374348	0.264466	0.051882	0.056777	0.043159	0.052130	0.024442	0.083252	0.098400	0.041385	0.024526	0.046839	0.011662	0.043396	0.016826	0.006631	0.259934	0.152435	0.283713	0.001334	0.062826	0.030663	0.022020	0.016868	0.034918	0.039439	0.011421	0.017410	0.009488	0.116746	0.076539	0.059857	0.048295	0.022472	0.004581	0.008972	0.034474	0.044117	0.093410	0.074141	0.038159	0.136316	0.068785	0.035177	0.146444	0.076830	0.092436	0.059545	0.025116	0.154771	0.035395	0.067342	0.158126	0.192014	0.017867	0.204266	0.232637	0.040300	0.008900	0.035955	0.048457	0.004354	0.014986	0.019321	0.018198	0.022831	0.089178	0.148963	0.048593	0.027780	0.054456	0.075666	0.019483	0.050563	0.029101	0.063496	
100 1
0.371084	0.335718	0.320230	0.312544	0.297528	0.286535	0.259310	0.220955	0.217826	0.219596	0.215473	0.223839	0.229852	0.236198	0.243974	0.252124	0.260811	0.269516	0.277007	0.280011	0.282236	0.280079	0.264388	0.255513	0.242634	0.230756	0.227554	0.235652	0.245456	0.255644	0.266124	0.270899	0.271630	0.275079	0.278749	0.278208	0.280198	0.275375	0.273665	0.271115	0.231929	0.220435	0.201191	0.203401	0.205354	0.210626	0.214401	0.217224	0.215915	0.212986	0.213007	0.210304	0.208290	0.187356	0.178781	0.171405	0.166408	0.165113	0.165513	0.164192	0.158072	0.150832	0.135982	0.127524	0.124093	0.107072	0.103692	0.102437	0.088649	0.086378	0.080845	0.080276	0.082644	0.071567	0.074716	0.071942	0.063392	0.055019	0.058315	0.049620	0.043844	0.044785	0.051368	0.057183	0.061282	0.067849	0.072139	0.076004	0.079104	0.080855	0.074120	0.063390	0.063736	0.064663	0.063566	0.060628	0.063680	0.061618	0.063210	0.059432	
100 1
0.011421	0.017410	0.009488	0.116746	0.076539	0.059857	0.048295	0.022472	0.004581	0.008972	0.034474	0.044117	0.093410	0.074141	0.038159	0.136316	0.068785	0.035177	0.146444	0.076830	0.092436	0.059545	0.025116	0.154771	0.035395	0.067342	0.158126	0.192014	0.017867	0.204266	0.232637	0.040300	0.008900	0.035955	0.048457	0.004354	0.014986	0.019321	0.018198	0.022831	0.089178	0.148963	0.048593	0.027780	0.054456	0.075666	0.019483	0.050563	0.029101	0.063496	0.058192	0.090373	0.133923	0.016341	0.029801	0.039403	0.072439	0.127057	0.002847	0.006521	0.017639	0.016232	0.001073	0.018799	0.025610	0.036799	0.035707	0.008692	0.090446	0.027861	0.055178	0.143267	0.192007	0.004253	0.014788	0.034083	0.005389	0.083705	0.043635	0.012151	0.032727	0.028961	0.006451	0.021544	0.135622	0.117034	0.022759	0.028894	0.063219	0.062443	0.014863	0.029922	0.033147	0.068202	0.009809	0.070000	0.069906	0.028571	0.048207	0.073866	
100 1
0.371133	0.352792	0.332892	0.288916	0.264464	0.245801	0.231748	0.223784	0.218076	0.209875	0.196474	0.184305	0.164521	0.156038	0.154027	0.134505	0.134004	0.134684	0.119394	0.119302	0.114374	0.115017	0.118497	0.105726	0.110281	0.107318	0.097359	0.088172	0.092740	0.082680	0.076314	0.078122	0.085376	0.091355	0.095317	0.102052	0.106117	0.109476	0.111908	0.112776	0.104248	0.091444	0.091330	0.091748	0.089777	0.085808	0.088445	0.085546	0.086526	0.081774	0.078877	0.071714	0.061822	0.065290	0.065201	0.065543	0.061532	0.052661	0.057748	0.059911	0.062119	0.063892	0.066880	0.066312	0.064946	0.061521	0.058470	0.059180	0.046960	0.047321	0.041105	0.026786	0.013231	0.016890	0.018169	0.019889	0.024251	0.018357	0.019004	0.021121	0.020634	0.021222	0.023852	0.023699	0.010348	0.003537	0.004944	0.004917	0.002662	0.000995	0.003701	0.003762	0.004257	0.000485	0.003859	-0.001399	-0.004087	-0.003201	-0.005148	-0.008637	
100 1
0.058192	0.090373	0.133923	0.016341	0.029801	0.039403	0.072439	0.127057	0.002847	0.006521	0.017639	0.016232	0.001073	0.018799	0.025610	0.036799	0.035707	0.008692	0.090446	0.027861	0.055178	0.143267	0.192007	0.004253	0.014788	0.034083	0.005389	0.083705	0.043635	0.012151	0.032727	0.028961	0.006451	0.021544	0.135622	0.117034	0.022759	0.028894	0.063219	0.062443	0.014863	0.029922	0.033147	0.068202	0.009809	0.070000	0.069906	0.028571	0.048207	0.073866	0.132334	0.046681	0.083866	0.055478	0.070262	0.135667	0.017488	0.026971	0.044785	0.097711	0.076105	0.031231	0.046474	0.028562	0.045218	0.049207	0.010892	0.010000	0.043391	0.010155	0.208945	0.254394	0.019029	0.009112	0.024971	0.157439	0.206676	0.119993	0.105390	0.027564	0.027682	0.034034	0.053339	0.168582	0.085550	0.006917	0.035381	0.007071	0.018549	0.073624	0.031154	0.025603	0.036162	0.210364	0.088771	0.030678	0.056386	0.013610	0.012339	0.001472	
100 1
0.369986	0.347929	0.321504	0.312489	0.298528	0.282878	0.261206	0.233076	0.235966	0.232750	0.226040	0.218913	0.214429	0.204717	0.195238	0.184440	0.175728	0.173036	0.152765	0.151628	0.141676	0.120918	0.103040	0.109646	0.111008	0.111762	0.115779	0.106462	0.105737	0.107057	0.104634	0.103337	0.104584	0.102234	0.083200	0.073368	0.074397	0.073271	0.068995	0.065579	0.067690	0.066493	0.065596	0.059600	0.062342	0.054789	0.050229	0.050267	0.046893	0.041577	0.030967	0.031081	0.025728	0.025467	0.022848	0.015527	0.019462	0.020517	0.021364	0.016895	0.015265	0.016888	0.016696	0.018961	0.018622	0.018213	0.021518	0.023853	0.022352	0.025329	0.005755	-0.007137	-0.006726	-0.003294	0.001054	-0.005642	-0.012531	-0.015896	-0.017242	-0.013009	-0.008934	-0.004842	-0.002739	-0.008044	-0.007915	-0.003880	-0.001229	0.004590	0.008074	0.006664	0.009473	0.011155	0.012098	-0.001378	-0.002860	-0.001628	-0.001158	0.003637	0.007175	0.011972	
100 1
0.132334	0.046681	0.083866	0.055478	0.070262	0.135667	0.017488	0.026971	0.044785	0.097711	0.076105	0.031231	0.046474	0.028562	0.045218	0.049207	0.010892	0.010000	0.043391	0.010155	0.208945	0.254394	0.019029	0.009112	0.024971	0.157439	0.206676	0.119993	0.105390	0.027564	0.027682	0.034034	0.053339	0.168582	0.085550	0.006917	0.035381	0.007071	0.018549	0.073624	0.031154	0.025603	0.036162	0.210364	0.088771	0.030678	0.056386	0.013610	0.012339	0.001472	0.020305	0.075559	0.035925	0.033537	0.176516	0.220931	0.048077	0.021348	0.029005	0.114523	0.107232	0.076070	0.122445	0.073874	0.188186	0.107806	0.029791	0.074580	0.142965	0.152339	0.119015	0.053070	0.098160	0.047011	0.033465	0.092355	0.049880	0.205871	0.156059	0.045930	0.047978	0.178809	0.135865	0.024347	0.052255	0.015635	0.051882	0.114357	0.066879	0.130565	0.108048	0.100046	0.119991	0.152924	0.397292	0.172308	0.086831	0.036273	0.156578	0.084963	
100 1
0.369623	0.358114	0.338304	0.321070	0.301184	0.273344	0.269697	0.263654	0.254087	0.234210	0.223490	0.221920	0.215187	0.212258	0.204299	0.196685	0.196383	0.193552	0.183956	0.182446	0.144368	0.123861	0.128725	0.132667	0.136132	0.122528	0.110331	0.106202	0.103942	0.109168	0.113630	0.117258	0.117726	0.106618	0.105305	0.109931	0.111448	0.116711	0.118616	0.113031	0.113825	0.113284	0.111301	0.088614	0.085423	0.085878	0.084445	0.088562	0.091066	0.094802	0.094751	0.086824	0.085907	0.083452	0.063966	0.049177	0.048669	0.050992	0.054135	0.048609	0.045227	0.043705	0.038804	0.038849	0.031000	0.029632	0.032839	0.033713	0.031200	0.028261	0.026779	0.029377	0.029921	0.034024	0.037967	0.037906	0.041041	0.033447	0.030318	0.032227	0.035562	0.032560	0.031672	0.035603	0.038773	0.045315	0.047740	0.045854	0.047207	0.043197	0.042066	0.041013	0.039443	0.036771	0.027802	0.016826	0.018526	0.026859	0.031064	0.035493	
100 1
0.020305	0.075559	0.035925	0.033537	0.176516	0.220931	0.048077	0.021348	0.029005	0.114523	0.107232	0.076070	0.122445	0.073874	0.188186	0.107806	0.029791	0.074580	0.142965	0.152339	0.119015	0.053070	0.098160	0.047011	0.033465	0.092355	0.049880	0.205871	0.156059	0.045930	0.047978	0.178809	0.135865	0.024347	0.052255	0.015635	0.051882	0.114357	0.066879	0.130565	0.108048	0.100046	0.119991	0.152924	0.397292	0.172308	0.086831	0.036273	0.156578	0.084963	0.043928	0.053674	0.050231	0.028750	0.228197	0.219600	0.181375	0.149661	0.003183	0.116752	0.121237	0.045712	0.059557	0.025921	0.161788	0.127969	0.106867	0.178027	0.287512	0.153122	0.067653	0.056149	0.065013	0.009736	0.056013	0.030982	0.332172	0.298455	0.191432	0.037685	0.267371	0.155749	0.155399	0.027247	0.210156	0.146254	0.076283	0.043088	0.133974	0.131688	0.270280	0.516428	0.290234	0.304407	0.252153	0.153074	0.091934	0.169490	0.013467	0.176865	
100 1
0.370902	0.346650	0.328635	0.307540	0.260505	0.228711	0.228475	0.230253	0.230031	0.212808	0.203122	0.199349	0.188383	0.188135	0.172186	0.172444	0.178604	0.177429	0.169655	0.163595	0.161261	0.164851	0.163159	0.167101	0.170401	0.166196	0.167452	0.151376	0.145057	0.147063	0.149438	0.140992	0.137535	0.141890	0.143960	0.149959	0.150064	0.143551	0.142577	0.134159	0.130109	0.126567	0.122168	0.116403	0.102222	0.090601	0.092002	0.100799	0.104237	0.108491	0.114088	0.119277	0.124095	0.129488	0.120328	0.114264	0.109463	0.108331	0.115367	0.118275	0.120739	0.125492	0.129230	0.135417	0.130364	0.128703	0.127462	0.123288	0.116375	0.111709	0.115061	0.122094	0.128252	0.136646	0.140346	0.145761	0.130585	0.119708	0.111586	0.115044	0.117992	0.117510	0.120319	0.127479	0.131964	0.134645	0.139320	0.147012	0.150943	0.153673	0.151584	0.142715	0.122084	0.113912	0.108823	0.108801	0.113383	0.121448	0.125757	0.139313	
100 1
0.043928	0.053674	0.050231	0.028750	0.228197	0.219600	0.181375	0.149661	0.003183	0.116752	0.121237	0.045712	0.059557	0.025921	0.161788	0.127969	0.106867	0.178027	0.287512	0.153122	0.067653	0.056149	0.065013	0.009736	0.056013	0.030982	0.332172	0.298455	0.191432	0.037685	0.267371	0.155749	0.155399	0.027247	0.210156	0.146254	0.076283	0.043088	0.133974	0.131688	0.270280	0.516428	0.290234	0.304407	0.252153	0.153074	0.091934	0.169490	0.013467	0.176865	0.049234	0.174144	0.013149	0.312920	0.059363	0.312043	0.041297	0.135955	0.037514	0.051212	0.040201	0.033200	0.001733	0.051734	0.239006	0.056755	0.314054	0.242999	0.270668	0.010993	0.264046	0.420012	0.007429	0.210422	0.069350	0.178947	0.114753	0.325794	0.021936	0.024866	0.063838	0.093181	0.045327	0.088427	0.185330	0.115060	0.275300	0.255043	0.038770	0.089013	0.071977	0.191235	0.000774	0.036487	0.159010	0.177129	0.103051	0.127906	0.047589	0.035782	
100 1
0.370306	0.350628	0.329902	0.310421	0.256843	0.232557	0.220048	0.213947	0.221922	0.219313	0.217547	0.223529	0.227237	0.234069	0.219507	0.214974	0.212087	0.203302	0.192762	0.191013	0.196013	0.203529	0.209212	0.218005	0.219548	0.223075	0.198263	0.185984	0.177994	0.181681	0.182545	0.181346	0.183564	0.190834	0.194659	0.196582	0.201259	0.209157	0.212092	0.213556	0.209484	0.198096	0.178217	0.169852	0.165590	0.166960	0.171676	0.178321	0.181869	0.191898	0.195542	0.204872	0.208529	0.219450	0.217776	0.225258	0.223824	0.232165	0.237084	0.246214	0.256294	0.267903	0.280759	0.292087	0.295489	0.298456	0.297882	0.294235	0.291542	0.289542	0.296932	0.290390	0.284834	0.291915	0.293941	0.299397	0.302837	0.305259	0.308517	0.314732	0.320723	0.325715	0.329612	0.334365	0.336898	0.338554	0.339930	0.342164	0.347299	0.353363	0.357944	0.362252	0.365535	0.371062	0.374205	0.375479	0.378609	0.382358	0.385856	0.389947	
100 1
0.049234	0.174144	0.013149	0.312920	0.059363	0.312043	0.041297	0.135955	0.037514	0.051212	0.040201	0.033200	0.001733	0.051734	0.239006	0.056755	0.314054	0.242999	0.270668	0.010993	0.264046	0.420012	0.007429	0.210422	0.069350	0.178947	0.114753	0.325794	0.021936	0.024866	0.063838	0.093181	0.045327	0.088427	0.185330	0.115060	0.275300	0.255043	0.038770	0.089013	0.071977	0.191235	0.000774	0.036487	0.159010	0.177129	0.103051	0.127906	0.047589	0.035782	0.054414	0.112930	0.126703	0.025408	0.091497	0.075498	0.157430	0.017490	0.073086	0.218188	0.062026	0.014653	0.002256	0.003026	0.128419	0.164097	0.053958	0.035907	0.013530	0.060747	0.014606	0.027480	0.019363	0.002315	0.014244	0.062215	0.075975	0.010296	0.122850	0.033013	0.044457	0.048553	0.128674	0.147859	0.080216	0.059499	0.077401	0.134995	0.108224	0.046125	0.107754	0.008609	0.081794	0.075836	0.094627	0.001062	0.048962	0.053916	0.019083	0.076873	
100 1
0.370182	0.340834	0.334685	0.296021	0.294909	0.274628	0.280740	0.274964	0.278569	0.279507	0.281306	0.283302	0.288489	0.286814	0.259298	0.254966	0.232331	0.218582	0.211296	0.217082	0.216005	0.207005	0.212313	0.217823	0.221371	0.226136	0.229398	0.230566	0.233344	0.240644	0.247856	0.253725	0.258710	0.265325	0.268861	0.268816	0.268902	0.265623	0.267541	0.273848	0.278441	0.282528	0.284587	0.291626	0.296194	0.296278	0.297534	0.300822	0.304012	0.308997	0.313619	0.315978	0.315804	0.317640	0.320627	0.321162	0.319244	0.320071	0.322913	0.316646	0.314842	0.319540	0.325261	0.330948	0.325917	0.313275	0.309785	0.311800	0.315318	0.314179	0.315128	0.316191	0.316565	0.318748	0.318648	0.307811	0.291862	0.288075	0.264261	0.255946	0.249843	0.241935	0.217202	0.193903	0.185752	0.181921	0.175242	0.161367	0.153449	0.152808	0.144492	0.149385	0.142525	0.138867	0.132181	0.137128	0.133756	0.131384	0.132644	0.124647	
100 1
0.054414	0.112930	0.126703	0.025408	0.091497	0.075498	0.157430	0.017490	0.073086	0.218188	0.062026	0.014653	0.002256	0.003026	0.128419	0.164097	0.053958	0.035907	0.013530	0.060747	0.014606	0.027480	0.019363	0.002315	0.014244	0.062215	0.075975	0.010296	0.122850	0.033013	0.044457	0.048553	0.128674	0.147859	0.080216	0.059499	0.077401	0.134995	0.108224	0.046125	0.107754	0.008609	0.081794	0.075836	0.094627	0.001062	0.048962	0.053916	0.019083	0.076873	0.000318	0.168770	0.150833	0.148451	0.226367	0.155564	0.077218	0.072760	0.208667	0.140099	0.030273	0.054606	0.065976	0.114940	0.170939	0.092779	0.154552	0.010517	0.111950	0.046343	0.322763	0.068235	0.164026	0.043365	0.296266	0.459507	0.085698	0.035415	0.050165	0.062265	0.083946	0.211947	0.326514	0.041395	0.068610	0.085090	0.263965	0.155608	0.508275	0.370904	0.179468	0.128184	0.050836	0.074696	0.028615	0.082032	0.073160	0.118295	0.054501	0.132818	
100 1
0.370066	0.345561	0.322141	0.312276	0.290298	0.274191	0.247336	0.247991	0.238600	0.210480	0.212219	0.219465	0.227242	0.230923	0.208925	0.191609	0.193378	0.193969	0.197399	0.191227	0.193458	0.190284	0.188581	0.188333	0.184361	0.171626	0.159394	0.159302	0.138301	0.138267	0.132455	0.127819	0.112131	0.099461	0.095558	0.093534	0.090341	0.082386	0.078419	0.079617	0.075139	0.081108	0.077617	0.076875	0.073272	0.079071	0.078042	0.078063	0.080927	0.075890	0.081343	0.064946	0.057338	0.049665	0.040244	0.035556	0.036319	0.039214	0.036386	0.035478	0.039438	0.043689	0.047763	0.048063	0.045676	0.046276	0.044634	0.050509	0.050578	0.055723	0.047392	0.045547	0.045008	0.050268	0.047221	0.039564	0.023763	0.033129	0.045530	0.054781	0.060985	0.062324	0.060038	0.056900	0.063887	0.071276	0.072845	0.072433	0.069592	0.050430	0.038695	0.041907	0.050986	0.065611	0.078849	0.090009	0.098813	0.105244	0.111850	0.116304	
100 1
0.000318	0.168770	0.150833	0.148451	0.226367	0.155564	0.077218	0.072760	0.208667	0.140099	0.030273	0.054606	0.065976	0.114940	0.170939	0.092779	0.154552	0.010517	0.111950	0.046343	0.322763	0.068235	0.164026	0.043365	0.296266	0.459507	0.085698	0.035415	0.050165	0.062265	0.083946	0.211947	0.326514	0.041395	0.068610	0.085090	0.263965	0.155608	0.508275	0.370904	0.179468	0.128184	0.050836	0.074696	0.028615	0.082032	0.073160	0.118295	0.054501	0.132818	0.097524	0.033413	0.449667	0.058243	0.225048	0.254242	0.184921	0.092595	0.314792	0.302808	0.028811	0.119979	0.718823	0.405177	0.056878	0.267478	0.515578	0.037220	0.479261	0.809097	0.227573	0.386627	0.382457	0.109780	0.001416	0.009551	0.086218	0.073177	0.050235	0.149744	0.248297	0.009695	0.087939	0.196037	0.200138	0.153619	0.217747	0.191277	0.164965	0.034194	0.105871	0.287325	0.092871	0.124850	0.107523	0.017988	0.038777	0.254359	0.035036	0.118278	
100 1
0.371421	0.336070	0.313739	0.294027	0.274066	0.266821	0.265294	0.263823	0.253336	0.251806	0.257199	0.260187	0.261518	0.257904	0.249803	0.248214	0.243934	0.248679	0.248617	0.249997	0.234319	0.231136	0.230051	0.231988	0.225196	0.210257	0.212914	0.219957	0.226077	0.231567	0.236129	0.236651	0.229835	0.229114	0.235510	0.240358	0.241424	0.240452	0.235559	0.234717	0.242193	0.249524	0.255244	0.261818	0.267389	0.274840	0.280839	0.287307	0.291651	0.298340	0.302066	0.306339	0.306358	0.303682	0.309578	0.313048	0.319091	0.325582	0.330882	0.336739	0.343291	0.350904	0.346255	0.353421	0.363314	0.372081	0.376386	0.387326	0.391202	0.391971	0.411784	0.420184	0.432668	0.446442	0.449592	0.451621	0.457908	0.465387	0.471428	0.480706	0.492168	0.499417	0.505683	0.516424	0.528767	0.540481	0.552013	0.564768	0.576627	0.582709	0.590134	0.600519	0.611706	0.620133	0.628862	0.631955	0.634706	0.643763	0.648505	0.653873	
100 1
0.097524	0.033413	0.449667	0.058243	0.225048	0.254242	0.184921	0.092595	0.314792	0.302808	0.028811	0.119979	0.718823	0.405177	0.056878	0.267478	0.515578	0.037220	0.479261	0.809097	0.227573	0.386627	0.382457	0.109780	0.001416	0.009551	0.086218	0.073177	0.050235	0.149744	0.248297	0.009695	0.087939	0.196037	0.200138	0.153619	0.217747	0.191277	0.164965	0.034194	0.105871	0.287325	0.092871	0.124850	0.107523	0.017988	0.038777	0.254359	0.035036	0.118278	0.088399	0.181663	0.251655	0.060871	0.068966	0.004214	0.062965	0.204510	0.027526	0.263863	0.013580	0.072351	0.090611	0.196519	0.063717	0.022702	0.068020	0.029033	0.033468	0.077997	0.076021	0.002895	0.027118	0.081738	0.069199	0.105911	0.181568	0.018624	0.231061	0.353450	0.068754	0.251927	0.171787	0.084249	0.002237	0.006209	0.091227	0.168166	0.193194	0.137364	0.224041	0.030418	0.051439	0.000387	0.120305	0.057870	0.216819	0.085402	0.376693	0.608149	
100 1
0.369428	0.356321	0.325427	0.331566	0.319663	0.319821	0.324016	0.328088	0.327586	0.338517	0.349469	0.353595	0.336480	0.357129	0.371360	0.380479	0.385475	0.402089	0.404032	0.404139	0.430899	0.440128	0.455026	0.470994	0.474895	0.477629	0.484628	0.492624	0.499003	0.508584	0.520065	0.526880	0.533302	0.543741	0.555464	0.566507	0.577591	0.589606	0.600757	0.605863	0.612596	0.621917	0.630978	0.638228	0.645089	0.646663	0.647813	0.653622	0.655110	0.657229	0.657618	0.658674	0.659808	0.658674	0.656261	0.652233	0.646255	0.634733	0.628167	0.611226	0.605341	0.597232	0.584784	0.562546	0.552863	0.546732	0.533796	0.523747	0.512331	0.493280	0.474409	0.466212	0.452989	0.429211	0.409352	0.383234	0.340966	0.339116	0.286642	0.218860	0.216414	0.185419	0.167820	0.164168	0.170066	0.178101	0.174632	0.157497	0.137615	0.125453	0.112744	0.110658	0.117848	0.129220	0.136239	0.142240	0.139631	0.139879	0.132315	0.111992	
100 1
0.088399	0.181663	0.251655	0.060871	0.068966	0.004214	0.062965	0.204510	0.027526	0.263863	0.013580	0.072351	0.090611	0.196519	0.063717	0.022702	0.068020	0.029033	0.033468	0.077997	0.076021	0.002895	0.027118	0.081738	0.069199	0.105911	0.181568	0.018624	0.231061	0.353450	0.068754	0.251927	0.171787	0.084249	0.002237	0.006209	0.091227	0.168166	0.193194	0.137364	0.224041	0.030418	0.051439	0.000387	0.120305	0.057870	0.216819	0.085402	0.376693	0.608149	0.196925	0.232251	0.376364	0.280443	0.010304	0.235648	0.109972	0.079912	0.170294	0.573203	0.384929	0.143552	0.039097	0.127383	0.229189	0.023510	0.293538	0.332808	0.292933	0.111999	0.054737	0.275017	0.482117	0.095530	0.092833	0.129342	0.146846	0.209131	0.108893	0.152556	0.190100	0.314502	0.566413	0.552360	0.228386	0.228910	0.080390	0.580089	0.485912	0.072718	0.737862	0.585948	0.429772	0.224289	0.578336	0.152553	0.281023	0.041011	0.021280	0.139497	
100 1
0.369500	0.345189	0.328856	0.325999	0.317549	0.316183	0.306890	0.282874	0.284334	0.261554	0.268232	0.267621	0.264174	0.250869	0.251264	0.256645	0.257048	0.259728	0.262610	0.258754	0.253078	0.257140	0.260956	0.253653	0.246668	0.234461	0.213164	0.215599	0.194792	0.173784	0.165857	0.162949	0.158911	0.161770	0.173410	0.186072	0.189694	0.186250	0.181168	0.178927	0.175082	0.178570	0.184842	0.194634	0.192733	0.195652	0.185223	0.184883	0.171501	0.151871	0.124493	0.121415	0.117422	0.112974	0.115119	0.124676	0.127350	0.133520	0.142528	0.143861	0.138010	0.142619	0.148324	0.157195	0.165190	0.167773	0.178328	0.181431	0.185363	0.191499	0.197291	0.206496	0.210202	0.217477	0.224057	0.231991	0.239850	0.248118	0.255090	0.263035	0.271604	0.279690	0.284181	0.292458	0.307262	0.317897	0.326712	0.329479	0.342101	0.355269	0.353108	0.367851	0.382348	0.397951	0.401944	0.422995	0.431111	0.441355	0.442160	0.448549	
100 1
0.196925	0.232251	0.376364	0.280443	0.010304	0.235648	0.109972	0.079912	0.170294	0.573203	0.384929	0.143552	0.039097	0.127383	0.229189	0.023510	0.293538	0.332808	0.292933	0.111999	0.054737	0.275017	0.482117	0.095530	0.092833	0.129342	0.146846	0.209131	0.108893	0.152556	0.190100	0.314502	0.566413	0.552360	0.228386	0.228910	0.080390	0.580089	0.485912	0.072718	0.737862	0.585948	0.429772	0.224289	0.578336	0.152553	0.281023	0.041011	0.021280	0.139497	0.098057	0.100258	0.204205	0.270848	0.210273	0.256726	0.021612	0.069122	0.277305	0.206451	0.144880	0.150037	0.278726	0.550184	0.159631	0.094947	0.087456	0.081756	0.143468	0.050789	0.245267	0.109908	0.192431	0.564822	0.055004	0.099121	0.080910	0.010310	0.035968	0.181819	0.018280	0.002114	0.035228	0.184072	0.174120	0.183342	0.104659	0.244972	0.051260	0.193083	0.049234	0.016561	0.116496	0.225780	0.035984	0.113845	0.106965	0.018896	0.029769	0.149859	
100 1
0.372971	0.365846	0.372642	0.387377	0.390512	0.387912	0.393335	0.393254	0.392896	0.381082	0.401854	0.417909	0.424644	0.431238	0.440843	0.448973	0.454414	0.464475	0.477438	0.489531	0.496102	0.504375	0.507374	0.521665	0.529082	0.537967	0.547423	0.557671	0.566554	0.575247	0.584898	0.593159	0.591138	0.595082	0.611886	0.623435	0.632859	0.629873	0.641738	0.654647	0.643321	0.657272	0.669107	0.684536	0.682313	0.706753	0.711390	0.721208	0.719437	0.726542	0.735670	0.742429	0.752958	0.765423	0.779104	0.789930	0.793962	0.794252	0.804299	0.818719	0.827001	0.834656	0.844733	0.841659	0.859486	0.858632	0.860749	0.861649	0.865900	0.862946	0.868420	0.869365	0.870813	0.858821	0.860954	0.854028	0.849230	0.837886	0.825287	0.816053	0.801307	0.784212	0.764984	0.739591	0.714999	0.690554	0.670908	0.641017	0.627305	0.601670	0.588882	0.578910	0.555916	0.517597	0.509158	0.490096	0.470589	0.464487	0.455612	0.423821	
100 1
0.098057	0.100258	0.204205	0.270848	0.210273	0.256726	0.021612	0.069122	0.277305	0.206451	0.144880	0.150037	0.278726	0.550184	0.159631	0.094947	0.087456	0.081756	0.143468	0.050789	0.245267	0.109908	0.192431	0.564822	0.055004	0.099121	0.080910	0.010310	0.035968	0.181819	0.018280	0.002114	0.035228	0.184072	0.174120	0.183342	0.104659	0.244972	0.051260	0.193083	0.049234	0.016561	0.116496	0.225780	0.035984	0.113845	0.106965	0.018896	0.029769	0.149859	0.006200	0.155803	0.120390	0.092358	0.102170	0.072458	0.052132	0.035530	0.025563	0.088585	0.040993	0.176011	0.524184	0.076973	0.071782	0.150637	0.081624	0.058843	0.072559	0.136781	0.200922	0.065325	0.236129	0.294745	0.081716	0.023308	0.144020	0.355570	0.374892	0.200528	0.313951	0.049009	0.271326	0.033091	0.043979	0.002672	0.077668	0.073699	0.255231	0.371233	0.293636	0.016730	0.111667	0.041721	0.285094	0.271397	0.315672	0.412531	0.599440	0.277623	
100 1
0.369426	0.350583	0.324021	0.306964	0.302392	0.300608	0.308060	0.307267	0.301310	0.306199	0.311704	0.316398	0.319263	0.314486	0.332569	0.341769	0.349525	0.356545	0.363454	0.369667	0.374761	0.381544	0.388184	0.382404	0.392648	0.400446	0.406868	0.411637	0.416599	0.421449	0.424811	0.429362	0.433030	0.433173	0.432842	0.434296	0.437173	0.437696	0.440729	0.443003	0.445469	0.449194	0.449616	0.445354	0.446930	0.447487	0.445981	0.447905	0.449592	0.441821	0.442397	0.432883	0.424027	0.419016	0.412411	0.407956	0.405374	0.403893	0.402803	0.391718	0.386661	0.359017	0.286223	0.283839	0.285925	0.274786	0.270354	0.269782	0.267071	0.255973	0.238038	0.235048	0.220079	0.201842	0.200927	0.206424	0.205074	0.190000	0.177029	0.176794	0.177242	0.180551	0.185061	0.187406	0.194616	0.202384	0.212996	0.221248	0.227985	0.223231	0.215710	0.215729	0.223846	0.228957	0.235801	0.235142	0.236689	0.239044	0.240253	0.250056	
100 1
0.006200	0.155803	0.120390	0.092358	0.102170	0.072458	0.052132	0.035530	0.025563	0.088585	0.040993	0.176011	0.524184	0.076973	0.071782	0.150637	0.081624	0.058843	0.072559	0.136781	0.200922	0.065325	0.236129	0.294745	0.081716	0.023308	0.144020	0.355570	0.374892	0.200528	0.313951	0.049009	0.271326	0.033091	0.043979	0.002672	0.077668	0.073699	0.255231	0.371233	0.293636	0.016730	0.111667	0.041721	0.285094	0.271397	0.315672	0.412531	0.599440	0.277623	0.183424	0.034612	0.286364	0.416858	0.201518	0.121566	0.156401	0.283495	0.066284	0.015742	0.052817	0.107457	0.119131	0.129888	0.239866	0.120065	0.095974	0.264633	0.083966	0.077445	0.157067	0.621081	0.148771	0.707716	0.160936	0.069796	0.433752	0.552184	0.565265	0.235526	0.318797	0.278601	0.301759	0.007975	0.157325	0.129281	0.013506	0.106851	0.069950	0.123096	0.166768	0.368097	0.094163	0.147971	0.128749	0.035339	0.021385	0.132873	0.281410	0.145360	
100 1
0.371269	0.337610	0.316709	0.299006	0.280888	0.269120	0.261122	0.256256	0.252747	0.235985	0.231898	0.202074	0.166037	0.168283	0.174866	0.178949	0.186131	0.194039	0.199451	0.197897	0.192721	0.196604	0.190085	0.184384	0.183702	0.193143	0.197032	0.192133	0.181887	0.171807	0.169858	0.165722	0.173507	0.172718	0.183134	0.196311	0.210730	0.221484	0.226809	0.224711	0.216727	0.212815	0.223960	0.232972	0.242051	0.241053	0.237834	0.231107	0.223212	0.228195	0.237156	0.243093	0.251109	0.255654	0.264853	0.273233	0.281655	0.290071	0.297640	0.302190	0.308345	0.316204	0.323834	0.331468	0.339769	0.347761	0.355163	0.363764	0.372107	0.379044	0.387779	0.387574	0.401877	0.400497	0.418416	0.425697	0.431347	0.438943	0.448183	0.466388	0.476784	0.491048	0.503656	0.512300	0.518901	0.530297	0.534942	0.541322	0.549307	0.558164	0.569620	0.578851	0.593612	0.602225	0.613182	0.618609	0.621001	0.629555	0.641089	0.654692	
100 1
0.183424	0.034612	0.286364	0.416858	0.201518	0.121566	0.156401	0.283495	0.066284	0.015742	0.052817	0.107457	0.119131	0.129888	0.239866	0.120065	0.095974	0.264633	0.083966	0.077445	0.157067	0.621081	0.148771	0.707716	0.160936	0.069796	0.433752	0.552184	0.565265	0.235526	0.318797	0.278601	0.301759	0.007975	0.157325	0.129281	0.013506	0.106851	0.069950	0.123096	0.166768	0.368097	0.094163	0.147971	0.128749	0.035339	0.021385	0.132873	0.281410	0.145360	0.087950	0.177643	0.212971	0.151765	0.090316	0.074238	0.028679	0.053637	0.079702	0.028982	0.097054	0.008401	0.043451	0.208053	0.048478	0.105181	0.071224	0.039635	0.029105	0.004471	0.042721	0.021344	0.055258	0.000604	0.229651	0.158182	0.051247	0.063507	0.112093	0.049917	0.082748	0.013454	0.137763	0.296051	0.218516	0.389025	0.151368	0.157216	0.039988	0.013106	0.071650	0.192866	0.232612	0.090372	0.092714	0.031901	0.047803	0.091463	0.011125	0.056337	
100 1
0.371861	0.364852	0.339923	0.337047	0.347550	0.350014	0.351743	0.356239	0.365399	0.368485	0.370263	0.370386	0.370559	0.370617	0.367997	0.371979	0.375305	0.372792	0.377574	0.381526	0.382058	0.360826	0.368663	0.357108	0.368528	0.376940	0.378105	0.378645	0.382939	0.397963	0.408241	0.420704	0.432368	0.440411	0.448733	0.459270	0.464515	0.471985	0.479514	0.488226	0.498533	0.506298	0.518400	0.527798	0.537925	0.543608	0.547236	0.555253	0.564508	0.575631	0.582812	0.592133	0.602628	0.612543	0.619155	0.624003	0.626105	0.628171	0.630238	0.630048	0.629737	0.627559	0.624330	0.615968	0.610895	0.603657	0.595693	0.588646	0.580860	0.573269	0.560607	0.548300	0.530993	0.518935	0.467614	0.437812	0.429675	0.417565	0.395164	0.385531	0.369569	0.365824	0.335628	0.269514	0.235544	0.186137	0.175527	0.167315	0.168191	0.174225	0.175318	0.162003	0.143775	0.137619	0.138128	0.142305	0.149820	0.154746	0.164231	0.174564	
100 1
0.087950	0.177643	0.212971	0.151765	0.090316	0.074238	0.028679	0.053637	0.079702	0.028982	0.097054	0.008401	0.043451	0.208053	0.048478	0.105181	0.071224	0.039635	0.029105	0.004471	0.042721	0.021344	0.055258	0.000604	0.229651	0.158182	0.051247	0.063507	0.112093	0.049917	0.082748	0.013454	0.137763	0.296051	0.218516	0.389025	0.151368	0.157216	0.039988	0.013106	0.071650	0.192866	0.232612	0.090372	0.092714	0.031901	0.047803	0.091463	0.011125	0.056337	0.174468	0.506510	0.018753	0.277745	0.042026	0.019062	0.114391	0.150228	0.054420	0.517017	0.182853	0.124326	0.028084	0.150236	0.153754	0.066902	0.014106	0.349269	0.279084	0.064380	0.092734	0.085877	0.048760	0.161808	0.134148	0.070755	0.282340	0.047384	0.027271	0.251848	0.093490	0.183508	0.208137	0.369838	0.353501	0.563797	0.206863	0.298834	0.205718	0.161383	0.008241	0.015257	0.416274	0.211847	0.043187	0.010442	0.058276	0.027923	0.186332	0.193242	
100 1
0.369505	0.345232	0.327842	0.317851	0.311373	0.305670	0.304297	0.299581	0.291860	0.290993	0.280504	0.282675	0.280106	0.250656	0.247148	0.239319	0.234805	0.235441	0.238040	0.244087	0.244174	0.245585	0.239962	0.242887	0.199871	0.183466	0.182622	0.180997	0.173131	0.173393	0.167806	0.171729	0.157429	0.136760	0.125499	0.112194	0.100430	0.102336	0.109697	0.122007	0.130224	0.130991	0.128869	0.129289	0.133571	0.141305	0.147635	0.150482	0.157773	0.159820	0.153163	0.136153	0.122504	0.123912	0.125054	0.136327	0.142797	0.145100	0.149744	0.139586	0.122632	0.123147	0.132306	0.141871	0.147156	0.152953	0.162410	0.160567	0.154458	0.152188	0.160871	0.169382	0.177889	0.181375	0.183955	0.188218	0.186061	0.187446	0.195343	0.194049	0.195112	0.195225	0.194556	0.189823	0.178564	0.162896	0.150406	0.152666	0.156329	0.162022	0.166625	0.174823	0.184862	0.183264	0.186149	0.192941	0.203329	0.213251	0.227161	0.234755	
100 1
0.174468	0.506510	0.018753	0.277745	0.042026	0.019062	0.114391	0.150228	0.054420	0.517017	0.182853	0.124326	0.028084	0.150236	0.153754	0.066902	0.014106	0.349269	0.279084	0.064380	0.092734	0.085877	0.048760	0.161808	0.134148	0.070755	0.282340	0.047384	0.027271	0.251848	0.093490	0.183508	0.208137	0.369838	0.353501	0.563797	0.206863	0.298834	0.205718	0.161383	0.008241	0.015257	0.416274	0.211847	0.043187	0.010442	0.058276	0.027923	0.186332	0.193242	0.097291	0.513078	0.650118	0.130821	0.295794	0.401431	0.024928	0.144710	0.051917	0.023083	0.020615	0.002041	0.273112	0.163617	0.131485	0.125049	0.036346	0.095442	0.043557	0.024218	0.084923	0.013903	0.136256	0.066565	0.050640	0.040155	0.009111	0.043715	0.072928	0.018415	0.179241	0.042040	0.206173	0.006808	0.075189	0.016054	0.087211	0.062452	0.055174	0.097145	0.114276	0.013316	0.108883	0.023649	0.075617	0.046062	0.020541	0.069069	0.001063	0.110609	
100 1
0.371256	0.392549	0.403136	0.399912	0.403528	0.398142	0.390494	0.384592	0.384174	0.360466	0.375295	0.380664	0.386188	0.387198	0.389786	0.394083	0.398669	0.389192	0.390212	0.397079	0.401428	0.404525	0.407808	0.407556	0.407507	0.409679	0.404166	0.406548	0.411014	0.405337	0.405158	0.404172	0.401774	0.394197	0.391712	0.384508	0.393067	0.400423	0.409560	0.418684	0.423813	0.428348	0.429832	0.438890	0.445606	0.449994	0.455213	0.459295	0.465104	0.470739	0.476532	0.471292	0.465349	0.478343	0.487022	0.493929	0.502699	0.511110	0.517830	0.521956	0.525620	0.528419	0.534656	0.543207	0.550767	0.557642	0.561249	0.565559	0.567933	0.569360	0.570147	0.569938	0.567398	0.564600	0.562106	0.558636	0.555708	0.549244	0.538298	0.531631	0.504254	0.495433	0.463414	0.460655	0.449414	0.443822	0.426793	0.413363	0.401587	0.381101	0.357749	0.355543	0.332991	0.328219	0.312943	0.303333	0.299246	0.283253	0.281930	0.254274	
100 1
0.097291	0.513078	0.650118	0.130821	0.295794	0.401431	0.024928	0.144710	0.051917	0.023083	0.020615	0.002041	0.273112	0.163617	0.131485	0.125049	0.036346	0.095442	0.043557	0.024218	0.084923	0.013903	0.136256	0.066565	0.050640	0.040155	0.009111	0.043715	0.072928	0.018415	0.179241	0.042040	0.206173	0.006808	0.075189	0.016054	0.087211	0.062452	0.055174	0.097145	0.114276	0.013316	0.108883	0.023649	0.075617	0.046062	0.020541	0.069069	0.001063	0.110609	0.049236	0.060523	0.060499	0.126010	0.365282	0.055000	0.056428	0.057840	0.111757	0.076164	0.112896	0.007056	0.028898	0.051944	0.147634	0.030299	0.163499	0.112435	0.198353	0.009467	0.216441	0.059414	0.225027	0.235571	0.000103	0.064524	0.214603	0.029235	0.100303	0.060324	0.023924	0.000906	0.025923	0.099537	0.272597	0.104696	0.136959	0.021748	0.152802	0.147221	0.006131	0.043671	0.215672	0.121902	0.225599	0.024168	0.099782	0.260098	0.376183	0.327560	
100 1
0.369430	0.378565	0.401694	0.426712	0.435348	0.456301	0.466360	0.467496	0.471919	0.471054	0.470530	0.470330	0.468240	0.475218	0.479215	0.482464	0.485358	0.485580	0.486480	0.487285	0.483883	0.483715	0.474081	0.469138	0.465981	0.462472	0.461194	0.454818	0.442830	0.438278	0.405763	0.399336	0.363383	0.364545	0.355346	0.353494	0.338490	0.327559	0.318831	0.300513	0.278765	0.279775	0.259713	0.257399	0.244745	0.237268	0.235927	0.222380	0.223199	0.197604	0.186412	0.175218	0.163311	0.135148	0.063777	0.053558	0.054764	0.055021	0.049974	0.049195	0.048851	0.059834	0.069291	0.072402	0.062803	0.066325	0.054467	0.051273	0.041889	0.046390	0.037423	0.039846	0.033395	0.028750	0.031418	0.035847	0.035271	0.039335	0.040556	0.045278	0.050773	0.057806	0.062492	0.060902	0.050320	0.047416	0.045005	0.050637	0.048706	0.048342	0.053821	0.057526	0.052941	0.052149	0.047591	0.050780	0.052834	0.050761	0.044158	0.031810	
100 1
0.049236	0.060523	0.060499	0.126010	0.365282	0.055000	0.056428	0.057840	0.111757	0.076164	0.112896	0.007056	0.028898	0.051944	0.147634	0.030299	0.163499	0.112435	0.198353	0.009467	0.216441	0.059414	0.225027	0.235571	0.000103	0.064524	0.214603	0.029235	0.100303	0.060324	0.023924	0.000906	0.025923	0.099537	0.272597	0.104696	0.136959	0.021748	0.152802	0.147221	0.006131	0.043671	0.215672	0.121902	0.225599	0.024168	0.099782	0.260098	0.376183	0.327560	0.154482	0.047819	0.334692	0.365010	0.430495	0.408292	0.553757	0.192069	0.057256	0.024015	0.155905	0.263860	0.216473	0.258034	0.068434	0.175629	0.127498	0.198651	0.308172	0.244633	0.153373	0.029509	0.067334	0.059554	0.025644	0.108586	0.069064	0.045106	0.055820	0.030241	0.002148	0.024278	0.206618	0.124510	0.031429	0.066213	0.072783	0.042993	0.009801	0.007861	0.029942	0.054893	0.109512	0.096285	0.085868	0.068255	0.118300	0.041391	0.208211	0.211643	
100 1
0.370182	0.350257	0.329069	0.296209	0.254936	0.257418	0.254116	0.252794	0.244904	0.242241	0.235623	0.243147	0.247499	0.246075	0.228212	0.232479	0.213553	0.208890	0.195230	0.203799	0.189305	0.193509	0.182863	0.176568	0.182484	0.187766	0.183142	0.188590	0.188859	0.192776	0.198156	0.204772	0.206820	0.198638	0.176964	0.172670	0.167076	0.172448	0.166284	0.162477	0.168380	0.170920	0.159858	0.156829	0.148456	0.151943	0.152702	0.146380	0.136346	0.122384	0.113510	0.118787	0.127413	0.120986	0.108971	0.097954	0.093683	0.097802	0.103816	0.110792	0.122567	0.130653	0.133356	0.137486	0.140108	0.148959	0.155237	0.163081	0.168893	0.172923	0.178695	0.183357	0.190891	0.198817	0.206825	0.219499	0.229689	0.240405	0.252282	0.263415	0.274423	0.285014	0.291848	0.296724	0.303197	0.309459	0.313934	0.318164	0.323265	0.326585	0.325057	0.318338	0.303661	0.292491	0.282941	0.276055	0.263054	0.261061	0.239068	0.225201	
100 1
0.154482	0.047819	0.334692	0.365010	0.430495	0.408292	0.553757	0.192069	0.057256	0.024015	0.155905	0.263860	0.216473	0.258034	0.068434	0.175629	0.127498	0.198651	0.308172	0.244633	0.153373	0.029509	0.067334	0.059554	0.025644	0.108586	0.069064	0.045106	0.055820	0.030241	0.002148	0.024278	0.206618	0.124510	0.031429	0.066213	0.072783	0.042993	0.009801	0.007861	0.029942	0.054893	0.109512	0.096285	0.085868	0.068255	0.118300	0.041391	0.208211	0.211643	0.019316	0.129270	0.240168	0.027168	0.119093	0.038712	0.068317	0.037342	0.045139	0.057731	0.029780	0.128607	0.082346	0.074472	0.142968	0.055220	0.021456	0.009125	0.214899	0.220739	0.108252	0.007115	0.035372	0.003982	0.098523	0.106924	0.223165	0.101431	0.129868	0.152441	0.012322	0.045123	0.035073	0.053105	0.038801	0.163834	0.465226	0.108515	0.148799	0.049347	0.061332	0.144355	0.261323	0.079736	0.348148	0.096228	0.022698	0.126943	0.013604	0.066449	
100 1
0.370253	0.360350	0.335105	0.337002	0.345387	0.363447	0.374791	0.404995	0.410845	0.413942	0.421332	0.435216	0.452333	0.467546	0.479538	0.489509	0.501284	0.512787	0.524690	0.540393	0.553512	0.559248	0.564443	0.569526	0.572557	0.577234	0.580577	0.582343	0.583183	0.582913	0.582127	0.579856	0.568785	0.561355	0.558613	0.552518	0.543925	0.536938	0.531860	0.525367	0.514481	0.498920	0.474468	0.453450	0.435149	0.419925	0.394838	0.385757	0.339947	0.299619	0.302450	0.282638	0.239503	0.240850	0.227532	0.225307	0.219658	0.217664	0.214735	0.208127	0.206069	0.184048	0.169216	0.159448	0.138293	0.131046	0.135181	0.144246	0.118393	0.094990	0.086705	0.096556	0.106249	0.116076	0.110759	0.105522	0.090631	0.087430	0.082888	0.079192	0.084669	0.087578	0.092261	0.093743	0.096230	0.086391	0.068051	0.053557	0.054303	0.060726	0.067471	0.069551	0.066885	0.066538	0.063646	0.059304	0.066841	0.073367	0.081925	0.086926	
100 1
0.019316	0.129270	0.240168	0.027168	0.119093	0.038712	0.068317	0.037342	0.045139	0.057731	0.029780	0.128607	0.082346	0.074472	0.142968	0.055220	0.021456	0.009125	0.214899	0.220739	0.108252	0.007115	0.035372	0.003982	0.098523	0.106924	0.223165	0.101431	0.129868	0.152441	0.012322	0.045123	0.035073	0.053105	0.038801	0.163834	0.465226	0.108515	0.148799	0.049347	0.061332	0.144355	0.261323	0.079736	0.348148	0.096228	0.022698	0.126943	0.013604	0.066449	0.153630	0.261142	0.393396	0.103875	0.043657	0.041604	0.181497	0.052578	0.381828	0.590948	0.581016	0.366723	0.156327	0.214702	0.203944	0.427760	0.057735	0.060543	0.193005	0.121936	0.136570	0.085891	0.184700	0.448587	0.011431	0.060646	0.212046	0.193675	0.235965	0.408261	0.035898	0.736002	0.612026	0.441633	0.288460	0.155243	0.207899	0.066961	0.073727	0.013492	0.123420	0.002071	0.071180	0.015010	0.197344	0.208629	0.070421	0.034163	0.272019	0.264236	
100 1
0.370927	0.341063	0.309950	0.306695	0.288335	0.283159	0.272825	0.268155	0.261894	0.253449	0.250390	0.227346	0.220021	0.213536	0.197563	0.199241	0.202196	0.205340	0.176383	0.163094	0.160814	0.168353	0.172080	0.179213	0.171317	0.164985	0.148458	0.145943	0.141115	0.136968	0.143236	0.146197	0.150603	0.151284	0.152937	0.140233	0.117810	0.104182	0.104443	0.110811	0.117786	0.119266	0.115419	0.115157	0.111297	0.106857	0.114975	0.121596	0.130585	0.135767	0.136270	0.132156	0.123823	0.113768	0.121572	0.133133	0.138232	0.143949	0.140806	0.127056	0.096853	0.081516	0.083567	0.089818	0.094755	0.098179	0.100717	0.107753	0.118234	0.123635	0.131144	0.138140	0.149190	0.155386	0.150289	0.158656	0.171879	0.178546	0.184652	0.187631	0.187191	0.189960	0.190492	0.198691	0.209866	0.219420	0.228062	0.234753	0.240466	0.244809	0.253334	0.257702	0.265846	0.272863	0.286837	0.297673	0.303571	0.310944	0.325178	0.333696	
100 1
0.153630	0.261142	0.393396	0.103875	0.043657	0.041604	0.181497	0.052578	0.381828	0.590948	0.581016	0.366723	0.156327	0.214702	0.203944	0.427760	0.057735	0.060543	0.193005	0.121936	0.136570	0.085891	0.184700	0.448587	0.011431	0.060646	0.212046	0.193675	0.235965	0.408261	0.035898	0.736002	0.612026	0.441633	0.288460	0.155243	0.207899	0.066961	0.073727	0.013492	0.123420	0.002071	0.071180	0.015010	0.197344	0.208629	0.070421	0.034163	0.272019	0.264236	0.030685	0.050983	0.297652	0.045357	0.146567	0.002037	0.223426	0.119481	0.046189	0.072697	0.007979	0.033444	0.060775	0.076617	0.201321	0.028798	0.015296	0.137670	0.132423	0.164753	0.300152	0.126707	0.077487	0.016034	0.067806	0.237341	0.010351	0.077079	0.195789	0.180324	0.124919	0.237585	0.217281	0.073904	0.150453	0.078765	0.035254	0.098390	0.023766	0.017172	0.133508	0.347624	0.034255	0.392656	0.281532	0.248711	0.113590	0.265403	0.593874	0.647385	
100 1
0.370220	0.358628	0.366138	0.373507	0.370100	0.366524	0.357826	0.358838	0.345128	0.338289	0.346423	0.368595	0.386759	0.400085	0.415662	0.424759	0.441976	0.448266	0.459445	0.471618	0.482177	0.491170	0.501507	0.506155	0.516804	0.521845	0.531758	0.543428	0.554683	0.561214	0.570941	0.560712	0.568365	0.579990	0.594843	0.608025	0.619611	0.628933	0.634736	0.637634	0.645410	0.648503	0.652816	0.655054	0.663992	0.675232	0.680392	0.681262	0.688609	0.698458	0.699799	0.699408	0.704448	0.705269	0.707139	0.703566	0.703542	0.701631	0.696583	0.690029	0.682289	0.672626	0.659759	0.644307	0.617957	0.606417	0.595618	0.569328	0.544289	0.516166	0.470039	0.455715	0.448275	0.446304	0.436491	0.396707	0.397001	0.388748	0.355915	0.330034	0.316518	0.286108	0.263422	0.261032	0.250040	0.245591	0.247482	0.241782	0.242627	0.247020	0.233885	0.194006	0.188929	0.166424	0.150832	0.146250	0.147390	0.146449	0.136713	0.129379	
100 1
0.030685	0.050983	0.297652	0.045357	0.146567	0.002037	0.223426	0.119481	0.046189	0.072697	0.007979	0.033444	0.060775	0.076617	0.201321	0.028798	0.015296	0.137670	0.132423	0.164753	0.300152	0.126707	0.077487	0.016034	0.067806	0.237341	0.010351	0.077079	0.195789	0.180324	0.124919	0.237585	0.217281	0.073904	0.150453	0.078765	0.035254	0.098390	0.023766	0.017172	0.133508	0.347624	0.034255	0.392656	0.281532	0.248711	0.113590	0.265403	0.593874	0.647385	0.011150	0.317681	0.009094	0.175574	0.170566	0.153171	0.400193	0.611784	0.169912	0.106326	0.115031	0.091612	0.113433	0.111687	0.112972	0.159029	0.180865	0.211946	0.103597	0.393017	0.533402	0.012183	0.392600	0.337707	0.231091	0.089040	0.052146	0.047916	0.066922	0.118324	0.076367	0.284092	0.474919	0.047760	0.331454	0.184050	0.097203	0.236890	0.261749	0.256730	0.390661	0.295121	0.096863	0.330402	0.104631	0.118948	0.291362	0.056526	0.227101	0.132104	
100 1
0.370634	0.350073	0.306224	0.303388	0.283793	0.284483	0.258465	0.251883	0.251732	0.249560	0.255004	0.257473	0.254674	0.248543	0.225374	0.230347	0.236351	0.222247	0.213206	0.202112	0.186576	0.183759	0.187289	0.196923	0.200595	0.190863	0.197108	0.197511	0.190147	0.184825	0.182946	0.177854	0.173736	0.175142	0.178481	0.183489	0.191017	0.194326	0.201383	0.207405	0.202130	0.186996	0.184996	0.175186	0.162876	0.155137	0.152645	0.157402	0.149046	0.128196	0.126580	0.135419	0.137620	0.147341	0.153098	0.158304	0.162778	0.160218	0.166657	0.173959	0.181336	0.188047	0.195615	0.202952	0.210355	0.218647	0.225977	0.232723	0.237938	0.244498	0.247067	0.254505	0.261501	0.271006	0.281708	0.290077	0.295634	0.301004	0.307268	0.315295	0.322030	0.331034	0.336590	0.346859	0.354493	0.367087	0.375800	0.385441	0.397027	0.409078	0.418746	0.433098	0.444603	0.452869	0.466742	0.474913	0.485007	0.496398	0.505122	0.518044	
100 1
0.011150	0.317681	0.009094	0.175574	0.170566	0.153171	0.400193	0.611784	0.169912	0.106326	0.115031	0.091612	0.113433	0.111687	0.112972	0.159029	0.180865	0.211946	0.103597	0.393017	0.533402	0.012183	0.392600	0.337707	0.231091	0.089040	0.052146	0.047916	0.066922	0.118324	0.076367	0.284092	0.474919	0.047760	0.331454	0.184050	0.097203	0.236890	0.261749	0.256730	0.390661	0.295121	0.096863	0.330402	0.104631	0.118948	0.291362	0.056526	0.227101	0.132104	0.292347	0.716087	0.042945	0.314067	0.212269	0.251531	0.112826	0.031326	0.093455	0.168347	0.206790	0.105900	0.083614	0.053546	0.172803	0.163921	0.079328	0.168545	0.397369	0.100889	0.137310	0.084833	0.150018	0.009011	0.014631	0.007411	0.038627	0.135314	0.005672	0.016837	0.059187	0.090069	0.263702	0.338078	0.020212	0.024029	0.047275	0.031806	0.008415	0.062955	0.001577	0.037076	0.151527	0.065646	0.105076	0.111034	0.015592	0.024075	0.025981	0.000158	
100 1
0.371140	0.339225	0.341228	0.319339	0.305967	0.296480	0.283142	0.276877	0.300218	0.308096	0.315947	0.323343	0.329987	0.336637	0.342819	0.348529	0.354650	0.361185	0.368815	0.369277	0.368809	0.380301	0.384385	0.394221	0.406837	0.416745	0.423420	0.429401	0.435730	0.443189	0.449606	0.456307	0.457719	0.467453	0.474376	0.486331	0.495119	0.504783	0.515692	0.527271	0.535165	0.548566	0.559559	0.567977	0.581084	0.589699	0.600152	0.609928	0.619694	0.631798	0.641921	0.636925	0.655104	0.659749	0.675969	0.687785	0.699185	0.701709	0.707411	0.718004	0.730146	0.738556	0.742916	0.744834	0.752493	0.760836	0.762682	0.767588	0.770405	0.775636	0.777448	0.776881	0.777627	0.770840	0.761980	0.751698	0.739580	0.724011	0.710062	0.694553	0.674419	0.650624	0.608654	0.567276	0.561827	0.555980	0.544369	0.533290	0.523565	0.505381	0.494269	0.477510	0.439294	0.422351	0.398516	0.374001	0.369601	0.362256	0.352601	0.346846	
100 1
0.292347	0.716087	0.042945	0.314067	0.212269	0.251531	0.112826	0.031326	0.093455	0.168347	0.206790	0.105900	0.083614	0.053546	0.172803	0.163921	0.079328	0.168545	0.397369	0.100889	0.137310	0.084833	0.150018	0.009011	0.014631	0.007411	0.038627	0.135314	0.005672	0.016837	0.059187	0.090069	0.263702	0.338078	0.020212	0.024029	0.047275	0.031806	0.008415	0.062955	0.001577	0.037076	0.151527	0.065646	0.105076	0.111034	0.015592	0.024075	0.025981	0.000158	0.010775	0.196989	0.222835	0.031286	0.038314	0.009552	0.070477	0.130466	0.007246	0.162012	0.225429	0.076833	0.046529	0.143951	0.107563	0.059738	0.053451	0.042208	0.091492	0.079424	0.042045	0.269444	0.129838	0.029789	0.178836	0.057108	0.280761	0.138416	0.110570	0.031936	0.021053	0.017586	0.042660	0.020209	0.140192	0.193347	0.216030	0.096369	0.046912	0.077283	0.267100	0.007356	0.103653	0.088670	0.087795	0.030038	0.183856	0.037280	0.291068	0.050268	
100 1
0.389091	0.419931	0.440186	0.445080	0.462711	0.474447	0.481900	0.479756	0.478139	0.480995	0.487356	0.492599	0.494427	0.495489	0.494864	0.496507	0.498437	0.497437	0.489455	0.496064	0.499416	0.501846	0.502813	0.505024	0.506778	0.507451	0.505619	0.495576	0.494542	0.493525	0.485921	0.473409	0.437079	0.400708	0.403384	0.406442	0.403548	0.401558	0.402073	0.393781	0.392971	0.386912	0.356686	0.346005	0.329141	0.310422	0.311089	0.309819	0.305868	0.305719	0.302198	0.249663	0.199027	0.199678	0.199610	0.202563	0.191867	0.164702	0.164979	0.135666	0.094369	0.083146	0.083481	0.071628	0.062025	0.062372	0.068847	0.078406	0.081102	0.082474	0.086059	0.068742	0.063876	0.067088	0.061666	0.064817	0.055601	0.052182	0.052502	0.058603	0.065586	0.072596	0.076656	0.081980	0.075830	0.068932	0.061535	0.060033	0.063802	0.066856	0.061361	0.064648	0.065363	0.068848	0.070741	0.076005	0.071475	0.075893	0.067045	0.067564	
100 1
0.010775	0.196989	0.222835	0.031286	0.038314	0.009552	0.070477	0.130466	0.007246	0.162012	0.225429	0.076833	0.046529	0.143951	0.107563	0.059738	0.053451	0.042208	0.091492	0.079424	0.042045	0.269444	0.129838	0.029789	0.178836	0.057108	0.280761	0.138416	0.110570	0.031936	0.021053	0.017586	0.042660	0.020209	0.140192	0.193347	0.216030	0.096369	0.046912	0.077283	0.267100	0.007356	0.103653	0.088670	0.087795	0.030038	0.183856	0.037280	0.291068	0.050268	0.394103	0.153877	0.062055	0.000515	0.256789	0.121716	0.101008	0.014301	0.022803	0.133065	0.074708	0.014830	0.017169	0.487359	0.645157	0.157051	0.193093	0.319033	0.440542	0.335453	0.127668	0.047513	0.048030	0.051880	0.141079	0.150691	0.312850	0.311961	0.230395	0.273636	1.000000	0.237378	0.211582	0.059158	0.211031	0.162129	0.241715	0.216363	0.238783	0.072574	0.108514	0.415079	0.306883	0.117608	0.066804	0.268501	0.491739	0.119659	0.306158	0.582134	
100 1
0.371150	0.335582	0.314812	0.311638	0.303538	0.299461	0.285181	0.263067	0.263905	0.238924	0.215936	0.214613	0.218939	0.212695	0.211351	0.215474	0.219648	0.223385	0.218131	0.214943	0.215480	0.189966	0.186275	0.190411	0.181643	0.185063	0.171625	0.168385	0.168713	0.175621	0.183292	0.190166	0.192567	0.196220	0.184018	0.171319	0.160013	0.157614	0.160970	0.162552	0.152206	0.156135	0.155554	0.157439	0.157822	0.162553	0.153944	0.157844	0.144115	0.144554	0.133342	0.123704	0.127512	0.139483	0.139756	0.140172	0.143292	0.151743	0.159887	0.159886	0.162656	0.168458	0.173800	0.150024	0.123753	0.092421	0.091801	0.090542	0.082902	0.078891	0.082497	0.088523	0.097479	0.108800	0.122679	0.132822	0.141783	0.141322	0.139287	0.141300	0.134763	0.135438	0.143608	0.149838	0.158550	0.165277	0.172558	0.179412	0.186742	0.192570	0.199616	0.207033	0.214100	0.221792	0.227692	0.236603	0.242203	0.252798	0.260926	0.266580	
100 1
0.394103	0.153877	0.062055	0.000515	0.256789	0.121716	0.101008	0.014301	0.022803	0.133065	0.074708	0.014830	0.017169	0.487359	0.645157	0.157051	0.193093	0.319033	0.440542	0.335453	0.127668	0.047513	0.048030	0.051880	0.141079	0.150691	0.312850	0.311961	0.230395	0.273636	1.000000	0.237378	0.211582	0.059158	0.211031	0.162129	0.241715	0.216363	0.238783	0.072574	0.108514	0.415079	0.306883	0.117608	0.066804	0.268501	0.491739	0.119659	0.306158	0.582134	0.152908	0.230834	0.086355	0.035970	0.037303	0.140084	0.235627	0.535294	0.210842	0.036310	0.081877	0.220447	0.282047	0.061806	0.029411	0.619529	0.432464	0.228685	0.455287	0.450947	0.285529	0.124168	0.638167	0.863717	0.190322	0.211114	0.489069	0.267188	0.199106	0.685838	0.189037	0.306972	0.088339	0.615139	0.188950	0.238763	0.292907	0.124956	0.073830	0.104742	0.098318	0.142850	0.048321	0.039959	0.013462	0.111551	0.065744	0.040051	0.178772	0.316400	
100 1
0.422056	0.430178	0.425491	0.417654	0.400896	0.398258	0.392098	0.391214	0.388012	0.374760	0.369788	0.370656	0.370318	0.317949	0.289268	0.301492	0.307191	0.308464	0.308504	0.317021	0.328296	0.335594	0.341902	0.347971	0.354429	0.360078	0.363708	0.369217	0.378465	0.387198	0.377019	0.394476	0.406051	0.414586	0.424040	0.435149	0.445782	0.457856	0.469576	0.479207	0.487434	0.493670	0.507838	0.520063	0.527108	0.536993	0.543272	0.560218	0.568709	0.572669	0.593562	0.602710	0.613834	0.617697	0.621258	0.630329	0.642775	0.645470	0.665841	0.669524	0.674576	0.685883	0.698862	0.707645	0.708346	0.701438	0.716942	0.730744	0.733200	0.743799	0.758895	0.768572	0.759192	0.758757	0.788840	0.788430	0.788849	0.808845	0.816152	0.803480	0.834376	0.830676	0.842698	0.826549	0.856115	0.854675	0.862786	0.873511	0.873873	0.877099	0.881890	0.888004	0.889800	0.886558	0.881578	0.882875	0.881681	0.874968	0.876722	0.882831	
100 1
0.152908	0.230834	0.086355	0.035970	0.037303	0.140084	0.235627	0.535294	0.210842	0.036310	0.081877	0.220447	0.282047	0.061806	0.029411	0.619529	0.432464	0.228685	0.455287	0.450947	0.285529	0.124168	0.638167	0.863717	0.190322	0.211114	0.489069	0.267188	0.199106	0.685838	0.189037	0.306972	0.088339	0.615139	0.188950	0.238763	0.292907	0.124956	0.073830	0.104742	0.098318	0.142850	0.048321	0.039959	0.013462	0.111551	0.065744	0.040051	0.178772	0.316400	0.077740	0.083116	0.035397	0.070001	0.035337	0.055490	0.025285	0.023606	0.046417	0.048695	0.043171	0.111768	0.166751	0.149512	0.048991	0.034013	0.013062	0.240943	0.078436	0.022812	0.318211	0.004799	0.061651	0.069795	0.023220	0.241856	0.112702	0.067711	0.065032	0.091650	0.032617	0.046192	0.082510	0.088964	0.146159	0.226673	0.056169	0.063899	0.107092	0.076663	0.075834	0.161545	0.097373	0.063299	0.067105	0.080097	0.192943	0.185483	0.004235	0.158222	
100 1
0.370192	0.356214	0.351326	0.343906	0.334910	0.314527	0.292916	0.268248	0.282555	0.290803	0.294356	0.294920	0.297826	0.307076	0.313596	0.297489	0.303295	0.316849	0.321383	0.330436	0.345231	0.357696	0.357434	0.359557	0.383316	0.394385	0.401491	0.419243	0.432277	0.432892	0.456760	0.465973	0.479336	0.478583	0.502764	0.512452	0.525227	0.539229	0.545796	0.553186	0.561679	0.571305	0.578541	0.582100	0.584497	0.591704	0.599661	0.604307	0.614347	0.625801	0.637567	0.643356	0.647583	0.652756	0.656319	0.659972	0.661766	0.662477	0.663449	0.663589	0.662382	0.661099	0.659206	0.656450	0.652292	0.647084	0.640770	0.623214	0.613655	0.607221	0.577516	0.572532	0.565454	0.553912	0.545992	0.509984	0.494321	0.485592	0.475170	0.459861	0.452682	0.442830	0.425518	0.407243	0.378125	0.333922	0.329159	0.322670	0.305372	0.294609	0.284461	0.255442	0.241701	0.236080	0.228878	0.218237	0.184473	0.156363	0.160836	0.144244	
100 1
0.077740	0.083116	0.035397	0.070001	0.035337	0.055490	0.025285	0.023606	0.046417	0.048695	0.043171	0.111768	0.166751	0.149512	0.048991	0.034013	0.013062	0.240943	0.078436	0.022812	0.318211	0.004799	0.061651	0.069795	0.023220	0.241856	0.112702	0.067711	0.065032	0.091650	0.032617	0.046192	0.082510	0.088964	0.146159	0.226673	0.056169	0.063899	0.107092	0.076663	0.075834	0.161545	0.097373	0.063299	0.067105	0.080097	0.192943	0.185483	0.004235	0.158222	0.045689	0.173072	0.213448	0.067202	0.105985	0.090601	0.049247	0.083780	0.179245	0.355077	0.122195	0.090475	0.232631	0.020610	0.123170	0.190837	0.000147	0.565061	0.777972	0.211147	0.132358	0.025037	0.136259	0.006475	0.338412	0.130620	0.062476	0.024198	0.211043	0.562702	0.010273	0.418826	0.138678	0.031541	0.132914	0.036334	0.332803	0.774423	0.125786	0.093653	0.299546	0.071206	0.398861	0.195490	0.206112	0.184699	0.516278	0.285210	0.346081	0.393006	
100 1
0.369633	0.350189	0.335840	0.312233	0.295962	0.275741	0.263695	0.251203	0.233844	0.219115	0.207751	0.183965	0.161938	0.152068	0.156255	0.159044	0.164400	0.138458	0.141842	0.146252	0.124596	0.132439	0.134110	0.137214	0.143176	0.127567	0.126177	0.127200	0.129579	0.129343	0.133959	0.135654	0.133615	0.130875	0.122888	0.112060	0.112731	0.114160	0.113575	0.114879	0.115343	0.109766	0.109243	0.110673	0.112269	0.112672	0.105167	0.099737	0.104533	0.100976	0.105876	0.101355	0.097058	0.097994	0.099447	0.102492	0.107125	0.109085	0.105662	0.097022	0.089861	0.093304	0.095229	0.099612	0.104046	0.106248	0.112512	0.104691	0.077662	0.046979	0.047729	0.054039	0.067237	0.076691	0.091902	0.090342	0.097998	0.110945	0.122951	0.125527	0.108066	0.118776	0.112009	0.117112	0.131646	0.142055	0.154047	0.148934	0.128236	0.131958	0.140654	0.140812	0.148223	0.148502	0.153831	0.160012	0.163584	0.169599	0.177020	0.184605	
100 1
0.045689	0.173072	0.213448	0.067202	0.105985	0.090601	0.049247	0.083780	0.179245	0.355077	0.122195	0.090475	0.232631	0.020610	0.123170	0.190837	0.000147	0.565061	0.777972	0.211147	0.132358	0.025037	0.136259	0.006475	0.338412	0.130620	0.062476	0.024198	0.211043	0.562702	0.010273	0.418826	0.138678	0.031541	0.132914	0.036334	0.332803	0.774423	0.125786	0.093653	0.299546	0.071206	0.398861	0.195490	0.206112	0.184699	0.516278	0.285210	0.346081	0.393006	0.287101	0.112295	0.350838	0.293511	0.578399	0.501209	0.724747	0.177138	0.098778	0.080232	0.579102	0.173576	0.639337	0.111138	0.404013	0.354847	0.135373	0.099697	0.168716	0.137382	0.585467	0.642160	0.019600	0.015079	0.239571	0.097004	0.122606	0.048496	0.175121	0.111726	0.190758	0.128910	0.009763	0.463433	0.670035	0.216238	0.161442	0.219990	0.183240	0.129241	0.165919	0.065484	0.169265	0.855727	0.579822	0.444378	0.420700	0.588656	0.083547	0.430726	
100 1
0.370265	0.340498	0.318971	0.312233	0.298792	0.289213	0.284624	0.275868	0.257591	0.235124	0.238836	0.241919	0.237755	0.245300	0.247149	0.245114	0.251507	0.233264	0.215856	0.227360	0.237448	0.244267	0.251709	0.257098	0.262305	0.265665	0.271546	0.277623	0.284717	0.279455	0.283459	0.288072	0.295457	0.301595	0.309329	0.314471	0.320439	0.314517	0.325977	0.334422	0.342434	0.350650	0.356584	0.368234	0.378598	0.389264	0.393575	0.408041	0.418517	0.429427	0.443692	0.455567	0.463764	0.478505	0.483291	0.497401	0.501498	0.527105	0.533202	0.539976	0.539635	0.564517	0.560623	0.586970	0.587952	0.604551	0.619290	0.625213	0.633586	0.644275	0.641798	0.653577	0.673475	0.665465	0.671328	0.684198	0.689968	0.694946	0.701859	0.712547	0.721425	0.732496	0.733572	0.732178	0.735699	0.760026	0.764609	0.774197	0.786160	0.794808	0.803204	0.808829	0.815784	0.797354	0.815333	0.819494	0.824683	0.821987	0.842772	0.831319	
100 1
0.287101	0.112295	0.350838	0.293511	0.578399	0.501209	0.724747	0.177138	0.098778	0.080232	0.579102	0.173576	0.639337	0.111138	0.404013	0.354847	0.135373	0.099697	0.168716	0.137382	0.585467	0.642160	0.019600	0.015079	0.239571	0.097004	0.122606	0.048496	0.175121	0.111726	0.190758	0.128910	0.009763	0.463433	0.670035	0.216238	0.161442	0.219990	0.183240	0.129241	0.165919	0.065484	0.169265	0.855727	0.579822	0.444378	0.420700	0.588656	0.083547	0.430726	0.245558	0.004941	0.044225	0.026493	0.398365	0.332995	0.209576	0.033028	0.063198	0.152170	0.094318	0.143788	0.269791	0.056812	0.261607	0.245127	0.266867	0.138825	0.076159	0.154791	0.211721	0.051579	0.014681	0.091640	0.049234	0.164139	0.069658	0.008361	0.044168	0.148995	0.269177	0.158979	0.050035	0.034580	0.029992	0.066325	0.165537	0.033135	0.035028	0.013940	0.043500	0.055665	0.408733	0.118834	0.121489	0.095272	0.019227	0.068275	0.162398	0.214443	
100 1
0.387794	0.385475	0.385754	0.398626	0.399489	0.424920	0.430371	0.470835	0.474717	0.481437	0.480582	0.516306	0.510792	0.546170	0.550831	0.575994	0.595187	0.604201	0.616840	0.630610	0.629336	0.640974	0.660113	0.655513	0.665923	0.679237	0.687518	0.692984	0.702729	0.713026	0.723730	0.733965	0.733898	0.733604	0.730324	0.750987	0.757945	0.769469	0.781840	0.790315	0.799338	0.802737	0.809757	0.786968	0.796670	0.801033	0.807297	0.805216	0.823420	0.817043	0.837099	0.835648	0.832405	0.831679	0.834433	0.849828	0.861074	0.860422	0.858583	0.865130	0.868263	0.871764	0.880475	0.878990	0.883479	0.892614	0.899632	0.901257	0.894185	0.891320	0.891792	0.880502	0.863767	0.848183	0.829767	0.810173	0.789524	0.768150	0.744055	0.712861	0.674097	0.649448	0.633789	0.617759	0.600363	0.578136	0.541952	0.527415	0.512156	0.497464	0.477864	0.456342	0.355300	0.341528	0.328087	0.316157	0.317279	0.309480	0.281037	0.245674	
100 1
0.245558	0.004941	0.044225	0.026493	0.398365	0.332995	0.209576	0.033028	0.063198	0.152170	0.094318	0.143788	0.269791	0.056812	0.261607	0.245127	0.266867	0.138825	0.076159	0.154791	0.211721	0.051579	0.014681	0.091640	0.049234	0.164139	0.069658	0.008361	0.044168	0.148995	0.269177	0.158979	0.050035	0.034580	0.029992	0.066325	0.165537	0.033135	0.035028	0.013940	0.043500	0.055665	0.408733	0.118834	0.121489	0.095272	0.019227	0.068275	0.162398	0.214443	0.155444	0.067804	0.197674	0.000983	0.014647	0.075161	0.114333	0.138687	0.027558	0.036666	0.001813	0.033457	0.177497	0.044744	0.021911	0.131150	0.016499	0.120174	0.066728	0.139242	0.037236	0.249804	0.293046	0.314034	0.373934	0.381502	0.078398	0.429589	0.050276	0.024774	0.196619	0.361777	0.007219	0.233843	0.145287	0.206132	0.182599	0.073772	0.112372	0.003460	0.261253	0.332376	0.124423	0.281851	0.362217	0.080107	0.231291	0.154036	0.379694	0.278791	
100 1
0.379245	0.377013	0.364359	0.350332	0.306400	0.305068	0.310071	0.316458	0.317727	0.316482	0.318946	0.318670	0.316024	0.323371	0.322409	0.326251	0.331479	0.340031	0.346908	0.352468	0.357519	0.363707	0.369395	0.373945	0.377422	0.379243	0.381332	0.385781	0.389244	0.387064	0.379234	0.378560	0.382220	0.385963	0.388970	0.389498	0.383084	0.383256	0.385787	0.388270	0.387884	0.384493	0.343799	0.336506	0.334646	0.331862	0.334806	0.334080	0.321982	0.305843	0.297819	0.297882	0.288514	0.291301	0.297533	0.296130	0.288159	0.277447	0.277724	0.280359	0.285138	0.286994	0.266253	0.259191	0.261737	0.248599	0.246860	0.235778	0.227718	0.212570	0.208958	0.183746	0.154901	0.135945	0.123121	0.115892	0.118633	0.118217	0.118736	0.126288	0.134985	0.134810	0.132684	0.142189	0.144608	0.149620	0.153304	0.157228	0.165060	0.171049	0.184339	0.185835	0.184854	0.190767	0.193229	0.197621	0.205776	0.212514	0.218537	0.225979	
100 1
0.155444	0.067804	0.197674	0.000983	0.014647	0.075161	0.114333	0.138687	0.027558	0.036666	0.001813	0.033457	0.177497	0.044744	0.021911	0.131150	0.016499	0.120174	0.066728	0.139242	0.037236	0.249804	0.293046	0.314034	0.373934	0.381502	0.078398	0.429589	0.050276	0.024774	0.196619	0.361777	0.007219	0.233843	0.145287	0.206132	0.182599	0.073772	0.112372	0.003460	0.261253	0.332376	0.124423	0.281851	0.362217	0.080107	0.231291	0.154036	0.379694	0.278791	0.136684	0.104151	0.410296	0.060129	0.165968	0.352465	0.562251	0.331757	0.406200	0.260922	0.105762	0.186352	0.412024	0.044814	0.241898	0.616277	0.579970	0.062969	0.112727	0.187155	0.385457	0.221445	0.280699	0.144449	0.206490	0.205574	0.017106	0.051923	0.259850	0.873751	0.639071	0.429814	0.055583	0.331413	0.742625	0.394682	0.560658	0.029552	0.036406	0.326101	0.385697	0.641564	0.273438	0.113600	0.112670	0.168584	0.536692	0.335201	0.292022	0.440642	
100 1
0.370291	0.359079	0.334651	0.331969	0.323250	0.306071	0.284824	0.264459	0.263239	0.261072	0.264193	0.260934	0.229423	0.227981	0.231157	0.213789	0.219044	0.203049	0.200446	0.185554	0.188435	0.164301	0.150751	0.139025	0.127249	0.112845	0.103521	0.106856	0.100212	0.109253	0.122588	0.125886	0.120309	0.132802	0.136233	0.142868	0.147007	0.151153	0.161854	0.171582	0.186561	0.190689	0.188305	0.195779	0.195644	0.192724	0.200353	0.204430	0.208767	0.212672	0.219550	0.226589	0.232743	0.238904	0.247044	0.254199	0.257850	0.268845	0.277900	0.290209	0.299550	0.308380	0.316243	0.326659	0.334709	0.339071	0.349827	0.364876	0.370798	0.380671	0.389717	0.405126	0.416123	0.429123	0.439245	0.451548	0.458186	0.461202	0.470218	0.467313	0.485501	0.501405	0.514533	0.519408	0.521318	0.545974	0.550476	0.569979	0.567176	0.572586	0.586386	0.590280	0.615961	0.623962	0.629522	0.637631	0.638063	0.660151	0.670264	0.675719	
51 1
0.136684	0.104151	0.410296	0.060129	0.165968	0.352465	0.562251	0.331757	0.406200	0.260922	0.105762	0.186352	0.412024	0.044814	0.241898	0.616277	0.579970	0.062969	0.112727	0.187155	0.385457	0.221445	0.280699	0.144449	0.206490	0.205574	0.017106	0.051923	0.259850	0.873751	0.639071	0.429814	0.055583	0.331413	0.742625	0.394682	0.560658	0.029552	0.036406	0.326101	0.385697	0.641564	0.273438	0.113600	0.112670	0.168584	0.536692	0.335201	0.292022	0.440642	0.139625	
100 1
0.369711	0.354508	0.338736	0.344166	0.334485	0.330987	0.329916	0.354919	0.368630	0.392967	0.406690	0.418775	0.430187	0.447880	0.457895	0.460438	0.476519	0.497811	0.505247	0.518771	0.529729	0.549681	0.563039	0.578684	0.591021	0.605588	0.611986	0.615661	0.626556	0.616621	0.630734	0.643770	0.655245	0.660151	0.658255	0.681731	0.681918	0.699992	0.695713	0.701782	0.714408	0.714283	0.738621	0.744435	0.749576	0.758086	0.756259	0.776657	0.784653	0.787672	0.805644	0.226589	0.232743	0.238904	0.247044	0.254199	0.257850	0.268845	0.277900	0.290209	0.299550	0.308380	0.316243	0.326659	0.334709	0.339071	0.349827	0.364876	0.370798	0.380671	0.389717	0.405126	0.416123	0.429123	0.439245	0.451548	0.458186	0.461202	0.470218	0.467313	0.485501	0.501405	0.514533	0.519408	0.521318	0.545974	0.550476	0.569979	0.567176	0.572586	0.586386	0.590280	0.615961	0.623962	0.629522	0.637631	0.638063	0.660151	0.670264	0.675719	
