 24
100 1
0.000019	0.021782	0.187649	0.138715	0.013677	0.131464	0.128619	0.225920	0.193556	0.064484	0.233356	0.088513	0.031537	0.130029	0.155549	0.029162	0.087473	0.146637	0.284409	0.231674	0.016514	0.078927	0.177993	0.072885	0.068259	0.105783	0.205253	0.145506	0.135046	0.045593	0.026264	0.291682	0.280952	0.097263	0.003039	0.058954	0.188839	0.218695	0.217671	0.384858	0.351056	0.312763	0.019367	0.244082	0.105043	0.055162	0.234207	0.053253	0.193668	0.067058	0.128457	0.028856	0.260647	0.454917	0.142586	0.103825	0.112229	0.086157	0.170076	0.072622	0.293803	0.240875	0.156002	0.290859	0.099976	0.270739	0.133017	0.032039	0.046869	0.245343	0.105100	0.008327	0.107420	0.133979	0.058858	0.225544	0.084427	0.026185	0.119227	0.016623	0.270849	0.292222	0.178580	0.140214	0.018271	0.089622	0.006585	0.045358	0.119810	0.193351	0.104248	0.051750	0.390880	0.060904	0.226123	0.089445	0.004646	0.074064	0.000157	0.242440	
100 1
0.366360	0.409848	0.382635	0.375371	0.372284	0.366667	0.360856	0.357126	0.349251	0.335451	0.341062	0.330126	0.318167	0.315926	0.310633	0.294972	0.287619	0.282067	0.280933	0.282613	0.275541	0.267110	0.261451	0.253776	0.241579	0.231300	0.224779	0.222967	0.218873	0.211730	0.196986	0.184058	0.190603	0.196296	0.189407	0.174074	0.161963	0.159848	0.162166	0.164462	0.186735	0.211016	0.232373	0.224398	0.238128	0.232398	0.222969	0.231592	0.221097	0.226222	0.216604	0.212323	0.195985	0.200723	0.237071	0.243217	0.243690	0.241482	0.236198	0.238939	0.230369	0.250228	0.263985	0.270590	0.290756	0.292937	0.312308	0.312833	0.306700	0.305410	0.320279	0.316491	0.310425	0.313406	0.314821	0.313830	0.325578	0.321125	0.316932	0.316113	0.310833	0.330954	0.349472	0.358369	0.359139	0.356637	0.355132	0.349322	0.349623	0.356535	0.364725	0.363861	0.369108	0.390319	0.394608	0.404738	0.399937	0.399986	0.398546	0.406797	
100 1
0.311029	0.096257	0.178014	0.267838	0.305700	0.290168	0.208407	0.080817	0.255238	0.150373	0.172234	0.323310	0.374962	0.086099	0.242337	0.136368	0.143999	0.037113	0.020706	0.255491	0.072941	0.047860	0.048609	0.246505	0.094767	0.150115	0.167678	0.034497	0.146267	0.218213	0.453868	0.346374	0.411531	0.288019	0.162560	0.016449	0.104009	0.229290	0.109716	0.072722	0.397493	0.409188	0.010918	0.049995	0.142765	0.119874	0.103241	0.157838	0.080964	0.325142	0.256676	0.312820	0.301022	0.070045	0.013278	0.132535	0.200843	0.145802	0.451244	0.260215	0.026324	0.303711	0.317863	0.310923	0.266721	0.009213	0.099829	0.369117	0.277039	0.421333	0.415273	0.544954	0.320108	0.039618	0.063579	0.091231	0.146290	0.145678	0.052194	0.130321	0.039409	0.391393	0.157551	0.010491	0.154869	0.141178	0.759779	0.460233	0.094156	0.001443	0.043996	0.189556	0.596266	0.133451	0.002835	0.150335	0.084086	0.015714	0.211505	0.103089	
100 1
0.342754	0.381849	0.366831	0.364280	0.364257	0.362586	0.360854	0.356318	0.357056	0.358754	0.355704	0.357953	0.367885	0.382649	0.381902	0.393662	0.392947	0.390984	0.378356	0.371701	0.379109	0.368565	0.359143	0.353799	0.360881	0.356867	0.360435	0.358979	0.352410	0.356896	0.363525	0.397114	0.420169	0.450053	0.462002	0.457119	0.459289	0.474742	0.481758	0.480586	0.506022	0.537784	0.517028	0.509329	0.522313	0.529130	0.531576	0.542394	0.539451	0.572972	0.584584	0.598921	0.607521	0.573444	0.552977	0.570092	0.590771	0.588977	0.644354	0.632717	0.580953	0.622550	0.642474	0.647766	0.641442	0.584867	0.589622	0.649391	0.649275	0.679736	0.688678	0.719157	0.679267	0.604303	0.592168	0.596460	0.610391	0.614251	0.593941	0.606317	0.589510	0.663960	0.631877	0.588597	0.610961	0.614794	0.750872	0.724908	0.628689	0.585628	0.585853	0.619841	0.721660	0.639730	0.588776	0.611166	0.602599	0.584280	0.624616	0.610595	
100 1
0.335925	0.232300	0.361244	0.353416	0.462192	0.153027	0.581831	0.137554	0.266332	0.565907	0.580182	0.245404	0.270658	0.229982	0.389597	0.036512	0.540489	0.273989	0.254531	0.199968	0.650364	0.813313	0.037840	0.452385	0.055165	0.252538	0.357321	0.194353	0.412759	0.532780	0.245522	0.136566	0.173015	0.023383	0.016449	0.413950	0.741481	0.380233	0.134358	0.189483	0.011449	0.047325	0.146375	0.037045	0.177326	0.145884	0.042594	0.127314	0.189946	0.185463	0.087941	0.097283	0.013842	0.026773	0.128321	0.210482	0.403122	0.073682	0.126394	0.011356	0.079715	0.008123	0.082840	0.104045	0.159951	0.081826	0.118160	0.179341	0.105615	0.144789	0.018067	0.147742	0.003924	0.191474	0.029033	0.126763	0.040806	0.054356	0.019630	0.029064	0.041979	0.096195	0.376289	0.262745	0.286091	0.127091	0.048983	0.008307	0.034977	0.015638	0.020719	0.016025	0.019665	0.093252	0.081670	0.136921	0.053569	0.070551	0.053081	0.015599	
100 1
0.341715	0.368010	0.359050	0.365163	0.367275	0.368022	0.364663	0.390116	0.386970	0.390844	0.417064	0.462644	0.477855	0.495977	0.509924	0.518466	0.527351	0.561601	0.566356	0.569958	0.604025	0.645295	0.604579	0.634853	0.596791	0.613908	0.642679	0.626878	0.660450	0.696401	0.658162	0.623761	0.623088	0.592645	0.582666	0.661286	0.747514	0.705732	0.637849	0.633897	0.594367	0.591920	0.613732	0.595520	0.621350	0.622026	0.598339	0.611077	0.629200	0.633010	0.611325	0.607745	0.588140	0.585930	0.608456	0.633516	0.684147	0.619899	0.615819	0.589144	0.597855	0.584189	0.597386	0.605984	0.620968	0.606601	0.611043	0.626634	0.613407	0.618868	0.590907	0.613508	0.586527	0.622369	0.594496	0.609467	0.593828	0.592689	0.584593	0.584623	0.587657	0.600892	0.669415	0.661227	0.663690	0.626206	0.598564	0.582721	0.585105	0.581482	0.581634	0.580618	0.581149	0.598168	0.599995	0.613098	0.596931	0.596554	0.592598	0.582900	
100 1
0.055287	0.018965	0.014571	0.031785	0.337521	0.065806	0.081496	0.104220	0.038107	0.007836	0.007747	0.020205	0.010547	0.058721	0.003342	0.175533	0.122527	0.154107	0.157617	0.098460	0.067772	0.036036	0.006799	0.017211	0.066443	0.030751	0.067243	0.022333	0.039241	0.002760	0.067297	0.022187	0.043359	0.199221	0.106917	0.028558	0.200729	0.213120	0.123204	0.005558	0.045907	0.023662	0.014063	0.016159	0.044641	0.071829	0.038737	0.026009	0.219880	0.243992	0.054614	0.092893	0.042776	0.221334	0.012556	0.166087	0.069678	0.036027	0.003955	0.170627	0.085202	0.048268	0.091889	0.151990	0.022391	0.039093	0.050026	0.091901	0.177327	0.196369	0.248888	0.155560	0.028436	0.019053	0.017840	0.005425	0.015614	0.000746	0.082634	0.131235	0.019764	0.086274	0.031414	0.036789	0.066646	0.000672	0.004873	0.019344	0.041957	0.086560	0.127201	0.059158	0.060178	0.010912	0.052191	0.053082	0.143718	0.029513	0.053249	0.001068	
100 1
0.360784	0.405500	0.410445	0.402402	0.373640	0.366227	0.355988	0.352563	0.340603	0.330519	0.322125	0.313400	0.301291	0.295834	0.277473	0.287869	0.273256	0.270809	0.266786	0.257632	0.249188	0.236898	0.221521	0.208382	0.199354	0.186798	0.179772	0.170373	0.165365	0.160925	0.158317	0.155084	0.153927	0.142702	0.134687	0.135029	0.127618	0.120797	0.119208	0.123299	0.124471	0.128459	0.134972	0.143238	0.145679	0.141710	0.145211	0.151926	0.117640	0.096340	0.101758	0.103172	0.111605	0.091458	0.106630	0.093136	0.100317	0.107812	0.123588	0.102144	0.104577	0.110518	0.107891	0.095229	0.109663	0.117633	0.123679	0.117462	0.095377	0.079820	0.066068	0.070496	0.083769	0.093486	0.104648	0.120618	0.134690	0.154088	0.142231	0.120229	0.134363	0.125330	0.136751	0.142998	0.139146	0.158805	0.173932	0.181479	0.177655	0.157462	0.129939	0.129901	0.129489	0.146852	0.146530	0.146572	0.117867	0.130328	0.131766	0.153161	
100 1
0.085053	0.045681	0.063575	0.012263	0.052632	0.041532	0.031525	0.001555	0.046404	0.085187	0.147569	0.053105	0.025413	0.003758	0.186253	0.008328	0.035177	0.017489	0.142426	0.074598	0.066112	0.085385	0.023930	0.049852	0.061136	0.013432	0.095268	0.137997	0.031891	0.001338	0.005183	0.165228	0.138419	0.072679	0.133233	0.354298	0.041876	0.140943	0.043972	0.061127	0.106333	0.152825	0.153952	0.163482	0.074890	0.179495	0.122657	0.090895	0.050681	0.209692	0.298661	0.393616	0.044304	0.003292	0.052529	0.084397	0.044026	0.078053	0.104903	0.004840	0.045045	0.010351	0.210750	0.238809	0.244346	0.136125	0.072599	0.310675	0.192427	0.065017	0.012897	0.030813	0.240212	0.265637	0.058844	0.207889	0.066664	0.398688	0.066407	0.178780	0.091685	0.106184	0.211084	0.233995	0.225770	0.388692	0.081585	0.045149	0.067777	0.100941	0.225638	0.019948	0.108097	0.180269	0.182708	0.210761	0.075935	0.070492	0.165776	0.032267	
100 1
0.357983	0.397594	0.393982	0.394145	0.384779	0.377287	0.368212	0.358196	0.351245	0.342606	0.337104	0.315330	0.304111	0.291872	0.304634	0.272673	0.268569	0.255852	0.260509	0.244751	0.236061	0.229786	0.214443	0.206553	0.197302	0.184034	0.180256	0.174128	0.162495	0.157345	0.154955	0.149430	0.141161	0.136407	0.133556	0.124501	0.125325	0.125465	0.126319	0.122819	0.118071	0.111661	0.107843	0.105127	0.107979	0.101254	0.102945	0.102727	0.104572	0.091647	0.085602	0.086522	0.108589	0.110215	0.103223	0.096705	0.096743	0.093192	0.089909	0.102541	0.106602	0.121937	0.091116	0.074452	0.065433	0.072881	0.080709	0.063136	0.074336	0.083275	0.088406	0.088913	0.066846	0.062938	0.076435	0.067821	0.079654	0.055247	0.081720	0.076296	0.084549	0.081085	0.073419	0.075267	0.081877	0.083660	0.113276	0.113474	0.105554	0.096256	0.085566	0.095639	0.083829	0.077705	0.078039	0.079287	0.089197	0.086251	0.077249	0.083587	
100 1
0.021540	0.262580	0.469364	0.204157	0.197095	0.160927	0.021027	0.012620	0.200803	0.000542	0.099026	0.034877	0.022502	0.113482	0.049378	0.264175	0.141331	0.076680	0.063118	0.332516	0.033074	0.240164	0.513226	0.255309	0.232842	0.291510	0.213152	0.027182	0.135095	0.039546	0.230737	0.013651	0.324771	0.224635	0.217508	0.126223	0.173793	0.601370	0.246634	0.189481	0.027898	0.007571	0.403160	0.147273	0.248778	0.034776	0.072313	0.297816	0.072213	0.043664	0.134154	0.173778	0.012915	0.181431	0.083418	0.038317	0.081075	0.048425	0.237574	0.074248	0.081933	0.125046	0.086974	0.285891	0.012284	0.496615	0.404187	0.291216	0.044724	0.521785	0.073166	0.404489	0.024274	0.148518	0.211881	0.370987	0.003139	0.036167	0.073830	0.154117	0.180103	0.074609	0.080164	0.183884	0.131618	0.127960	0.325497	0.145116	0.095985	0.013763	0.232855	0.116926	0.077763	0.024713	0.339230	0.036523	0.255136	0.410969	0.389566	0.352613	
100 1
0.364140	0.368564	0.357800	0.363090	0.358302	0.359204	0.349560	0.341232	0.343478	0.324540	0.320860	0.307696	0.295162	0.291675	0.276737	0.280766	0.270459	0.261934	0.254148	0.254915	0.245298	0.244816	0.246304	0.268399	0.282851	0.297041	0.314595	0.319829	0.312039	0.309597	0.299831	0.304003	0.290870	0.312275	0.321766	0.332699	0.336020	0.331554	0.386153	0.400456	0.404414	0.398192	0.405702	0.432658	0.441729	0.444444	0.443070	0.461223	0.468095	0.463333	0.472144	0.485480	0.479655	0.492676	0.496638	0.493106	0.498580	0.500351	0.523611	0.521072	0.520551	0.529430	0.530963	0.559576	0.537438	0.592978	0.616639	0.609355	0.566599	0.632351	0.586073	0.629371	0.577032	0.585083	0.603170	0.641207	0.579141	0.568539	0.575243	0.594753	0.606942	0.588533	0.584900	0.606963	0.603072	0.601337	0.644211	0.617941	0.599607	0.577396	0.619816	0.607234	0.594597	0.579911	0.645641	0.596553	0.632193	0.678736	0.686762	0.680082	
100 1
0.099054	0.083781	0.299954	0.310960	0.024823	0.288462	0.176943	0.274911	0.215350	0.291666	0.628208	0.171313	0.169365	0.006607	0.317074	0.383305	0.069940	0.148031	0.101028	0.396892	0.082414	0.269361	0.183285	0.644742	0.691295	0.144239	0.008648	0.656075	0.661348	0.390872	0.423921	0.159893	0.596184	0.810563	0.105326	0.276791	0.302175	0.422004	0.343940	0.119338	0.795679	0.496072	0.262171	0.640027	0.812678	0.018414	0.192620	0.018537	0.437667	0.144567	0.436700	0.253480	0.396158	0.440543	0.051276	0.043854	0.367521	0.065483	0.791626	0.435067	0.333511	0.240578	0.311739	0.197610	0.014212	0.439152	0.634242	0.199778	0.344516	0.387295	0.128639	0.166454	0.173371	0.206270	0.177332	0.022232	0.091686	0.154630	0.303216	0.031140	0.038466	0.034836	0.104827	0.070930	0.001991	0.152722	0.283682	0.260711	0.227947	0.328358	0.502064	0.150261	0.006588	0.016175	0.051024	0.056262	0.044702	0.156543	0.060247	0.194994	
100 1
0.356723	0.389415	0.362892	0.364400	0.357093	0.359667	0.357711	0.355845	0.356375	0.358358	0.357781	0.389538	0.394296	0.397521	0.388669	0.405319	0.422583	0.420112	0.424444	0.425188	0.447143	0.448439	0.464827	0.468596	0.510152	0.537528	0.517477	0.550634	0.600450	0.616019	0.625194	0.599330	0.649175	0.700781	0.626341	0.629738	0.641395	0.669191	0.666224	0.619619	0.730064	0.722109	0.667554	0.730925	0.783959	0.626781	0.629325	0.593527	0.675935	0.634972	0.688580	0.663092	0.688353	0.706068	0.618398	0.595902	0.664721	0.613781	0.758817	0.724139	0.689460	0.659624	0.669600	0.645478	0.595882	0.681507	0.751001	0.663762	0.677607	0.692643	0.633658	0.628407	0.629489	0.637600	0.632766	0.594621	0.601304	0.618263	0.657678	0.602546	0.590509	0.587275	0.602725	0.598931	0.581717	0.612059	0.651421	0.656016	0.648689	0.670748	0.717633	0.643502	0.591689	0.582296	0.588532	0.591486	0.589465	0.614869	0.598965	0.626095	
100 1
0.013296	0.200820	0.120172	0.023465	0.061825	0.041137	0.140571	0.418761	0.240168	0.112023	0.329155	0.105645	0.089246	0.072088	0.015982	0.030557	0.021214	0.031086	0.041944	0.077066	0.063652	0.092204	0.242793	0.193685	0.374348	0.264466	0.051882	0.056777	0.043159	0.052130	0.024442	0.083252	0.098400	0.041385	0.024526	0.046839	0.011662	0.043396	0.016826	0.006631	0.259934	0.152435	0.283713	0.001334	0.062826	0.030663	0.022020	0.016868	0.034918	0.039439	0.011421	0.017410	0.009488	0.116746	0.076539	0.059857	0.048295	0.022472	0.004581	0.008972	0.034474	0.044117	0.093410	0.074141	0.038159	0.136316	0.068785	0.035177	0.146444	0.076830	0.092436	0.059545	0.025116	0.154771	0.035395	0.067342	0.158126	0.192014	0.017867	0.204266	0.232637	0.040300	0.008900	0.035955	0.048457	0.004354	0.014986	0.019321	0.018198	0.022831	0.089178	0.148963	0.048593	0.027780	0.054456	0.075666	0.019483	0.050563	0.029101	0.063496	
100 1
0.364984	0.376586	0.376699	0.376974	0.372483	0.368173	0.363489	0.365502	0.350229	0.339677	0.348549	0.344836	0.339261	0.332461	0.317476	0.302051	0.285302	0.269325	0.254962	0.243866	0.231777	0.222848	0.220107	0.216541	0.218577	0.230349	0.235149	0.228388	0.216006	0.200338	0.184348	0.169764	0.159648	0.150691	0.142648	0.136512	0.135311	0.134223	0.138815	0.147048	0.117613	0.111231	0.097321	0.108871	0.111401	0.118230	0.125089	0.134879	0.140839	0.145391	0.157175	0.166146	0.176801	0.151486	0.143653	0.140774	0.142989	0.152661	0.167303	0.178730	0.178585	0.174461	0.154493	0.145459	0.148971	0.124953	0.124937	0.132659	0.111646	0.112778	0.108172	0.113405	0.126148	0.104379	0.117080	0.116956	0.098002	0.080547	0.097731	0.076063	0.065669	0.079774	0.094491	0.103916	0.110618	0.129798	0.144367	0.156718	0.167380	0.174205	0.154272	0.122082	0.126906	0.137289	0.138639	0.132758	0.146256	0.146214	0.154818	0.148481	
100 1
0.058192	0.090373	0.133923	0.016341	0.029801	0.039403	0.072439	0.127057	0.002847	0.006521	0.017639	0.016232	0.001073	0.018799	0.025610	0.036799	0.035707	0.008692	0.090446	0.027861	0.055178	0.143267	0.192007	0.004253	0.014788	0.034083	0.005389	0.083705	0.043635	0.012151	0.032727	0.028961	0.006451	0.021544	0.135622	0.117034	0.022759	0.028894	0.063219	0.062443	0.014863	0.029922	0.033147	0.068202	0.009809	0.070000	0.069906	0.028571	0.048207	0.073866	0.132334	0.046681	0.083866	0.055478	0.070262	0.135667	0.017488	0.026971	0.044785	0.097711	0.076105	0.031231	0.046474	0.028562	0.045218	0.049207	0.010892	0.010000	0.043391	0.010155	0.208945	0.254394	0.019029	0.009112	0.024971	0.157439	0.206676	0.119993	0.105390	0.027564	0.027682	0.034034	0.053339	0.168582	0.085550	0.006917	0.035381	0.007071	0.018549	0.073624	0.031154	0.025603	0.036162	0.210364	0.088771	0.030678	0.056386	0.013610	0.012339	0.001472	
100 1
0.360504	0.390880	0.379818	0.383230	0.378270	0.373456	0.365916	0.358631	0.338777	0.331594	0.323351	0.311966	0.298242	0.288836	0.277976	0.268625	0.258449	0.244598	0.248002	0.231369	0.227552	0.231922	0.232180	0.206799	0.200519	0.190397	0.175894	0.170985	0.159843	0.151599	0.147931	0.144365	0.143575	0.145195	0.137696	0.129075	0.129432	0.134926	0.135153	0.134085	0.140905	0.146549	0.150808	0.146353	0.155570	0.149763	0.144694	0.149907	0.150418	0.144356	0.126232	0.130053	0.125539	0.128939	0.127659	0.113182	0.126587	0.136459	0.141413	0.130457	0.127221	0.135900	0.139686	0.148724	0.150567	0.150925	0.163904	0.175571	0.172851	0.183022	0.126515	0.087991	0.102569	0.121179	0.135010	0.109607	0.085234	0.082873	0.083176	0.097867	0.110023	0.120719	0.124682	0.098899	0.100165	0.118804	0.128636	0.147651	0.159381	0.149271	0.156191	0.163086	0.165461	0.112740	0.109864	0.120591	0.124411	0.141771	0.156770	0.174723	
100 1
0.020305	0.075559	0.035925	0.033537	0.176516	0.220931	0.048077	0.021348	0.029005	0.114523	0.107232	0.076070	0.122445	0.073874	0.188186	0.107806	0.029791	0.074580	0.142965	0.152339	0.119015	0.053070	0.098160	0.047011	0.033465	0.092355	0.049880	0.205871	0.156059	0.045930	0.047978	0.178809	0.135865	0.024347	0.052255	0.015635	0.051882	0.114357	0.066879	0.130565	0.108048	0.100046	0.119991	0.152924	0.397292	0.172308	0.086831	0.036273	0.156578	0.084963	0.043928	0.053674	0.050231	0.028750	0.228197	0.219600	0.181375	0.149661	0.003183	0.116752	0.121237	0.045712	0.059557	0.025921	0.161788	0.127969	0.106867	0.178027	0.287512	0.153122	0.067653	0.056149	0.065013	0.009736	0.056013	0.030982	0.332172	0.298455	0.191432	0.037685	0.267371	0.155749	0.155399	0.027247	0.210156	0.146254	0.076283	0.043088	0.133974	0.131688	0.270280	0.516428	0.290234	0.304407	0.252153	0.153074	0.091934	0.169490	0.013467	0.176865	
100 1
0.364266	0.396672	0.400836	0.394863	0.376880	0.368857	0.354490	0.347049	0.342102	0.340237	0.329979	0.318105	0.314919	0.302316	0.304964	0.292599	0.278601	0.272983	0.268446	0.261849	0.254271	0.243364	0.235884	0.223278	0.209907	0.200502	0.189013	0.183376	0.178704	0.171583	0.164971	0.157941	0.153680	0.148402	0.143058	0.140081	0.136483	0.129969	0.128348	0.121731	0.119031	0.116775	0.113373	0.108057	0.091360	0.102979	0.109588	0.112294	0.102743	0.104233	0.103995	0.103524	0.105137	0.111343	0.087870	0.081050	0.079948	0.083191	0.095226	0.087925	0.086606	0.092640	0.094988	0.105147	0.088676	0.086363	0.085384	0.075798	0.062528	0.071257	0.079700	0.083720	0.085020	0.095981	0.097821	0.108839	0.062406	0.055181	0.060836	0.076705	0.061290	0.072338	0.073145	0.082812	0.067536	0.073324	0.076942	0.079726	0.071037	0.069790	0.056931	0.046560	0.079408	0.100951	0.126246	0.145289	0.151292	0.147004	0.149848	0.132732	
100 1
0.049234	0.174144	0.013149	0.312920	0.059363	0.312043	0.041297	0.135955	0.037514	0.051212	0.040201	0.033200	0.001733	0.051734	0.239006	0.056755	0.314054	0.242999	0.270668	0.010993	0.264046	0.420012	0.007429	0.210422	0.069350	0.178947	0.114753	0.325794	0.021936	0.024866	0.063838	0.093181	0.045327	0.088427	0.185330	0.115060	0.275300	0.255043	0.038770	0.089013	0.071977	0.191235	0.000774	0.036487	0.159010	0.177129	0.103051	0.127906	0.047589	0.035782	0.054414	0.112930	0.126703	0.025408	0.091497	0.075498	0.157430	0.017490	0.073086	0.218188	0.062026	0.014653	0.002256	0.003026	0.128419	0.164097	0.053958	0.035907	0.013530	0.060747	0.014606	0.027480	0.019363	0.002315	0.014244	0.062215	0.075975	0.010296	0.122850	0.033013	0.044457	0.048553	0.128674	0.147859	0.080216	0.059499	0.077401	0.134995	0.108224	0.046125	0.107754	0.008609	0.081794	0.075836	0.094627	0.001062	0.048962	0.053916	0.019083	0.076873	
100 1
0.361373	0.377908	0.392488	0.365348	0.366700	0.362467	0.350429	0.348412	0.338042	0.330710	0.321245	0.310538	0.296747	0.290854	0.295555	0.271633	0.283399	0.279452	0.283281	0.276067	0.277971	0.283695	0.289732	0.286516	0.288812	0.280646	0.280465	0.275775	0.285883	0.270339	0.256167	0.242643	0.228969	0.213072	0.203119	0.200101	0.193761	0.203932	0.210268	0.199829	0.190727	0.178661	0.175416	0.156010	0.141102	0.136322	0.134595	0.128593	0.125065	0.115549	0.106746	0.097692	0.092841	0.097053	0.092404	0.093831	0.084402	0.097125	0.096908	0.078807	0.088661	0.100875	0.117936	0.135723	0.116769	0.097615	0.104837	0.115117	0.132000	0.132112	0.147498	0.155377	0.165840	0.181034	0.188704	0.175190	0.159657	0.171398	0.140885	0.148848	0.149517	0.150367	0.125286	0.103918	0.103670	0.108701	0.108826	0.095354	0.091729	0.101636	0.095222	0.116057	0.111803	0.112303	0.106247	0.128648	0.132210	0.135087	0.148485	0.139020	
100 1
0.000318	0.168770	0.150833	0.148451	0.226367	0.155564	0.077218	0.072760	0.208667	0.140099	0.030273	0.054606	0.065976	0.114940	0.170939	0.092779	0.154552	0.010517	0.111950	0.046343	0.322763	0.068235	0.164026	0.043365	0.296266	0.459507	0.085698	0.035415	0.050165	0.062265	0.083946	0.211947	0.326514	0.041395	0.068610	0.085090	0.263965	0.155608	0.508275	0.370904	0.179468	0.128184	0.050836	0.074696	0.028615	0.082032	0.073160	0.118295	0.054501	0.132818	0.097524	0.033413	0.449667	0.058243	0.225048	0.254242	0.184921	0.092595	0.314792	0.302808	0.028811	0.119979	0.718823	0.405177	0.056878	0.267478	0.515578	0.037220	0.479261	0.809097	0.227573	0.386627	0.382457	0.109780	0.001416	0.009551	0.086218	0.073177	0.050235	0.149744	0.248297	0.009695	0.087939	0.196037	0.200138	0.153619	0.217747	0.191277	0.164965	0.034194	0.105871	0.287325	0.092871	0.124850	0.107523	0.017988	0.038777	0.254359	0.035036	0.118278	
100 1
0.366329	0.382164	0.375534	0.367892	0.363959	0.359933	0.351662	0.346787	0.348363	0.339898	0.325537	0.319030	0.310278	0.303911	0.299422	0.288361	0.285382	0.269514	0.263910	0.250792	0.249712	0.242308	0.239333	0.231436	0.226363	0.230864	0.245776	0.242769	0.231614	0.216980	0.202792	0.192755	0.192715	0.200536	0.190962	0.181314	0.170649	0.176864	0.166778	0.201931	0.230441	0.243013	0.243974	0.233902	0.223152	0.206563	0.195030	0.182271	0.173925	0.159635	0.153895	0.143740	0.118262	0.145494	0.137459	0.146262	0.157300	0.162915	0.154592	0.172904	0.190528	0.181599	0.146593	0.217126	0.253633	0.258723	0.270887	0.313586	0.310511	0.324709	0.406773	0.429312	0.461328	0.466676	0.452861	0.448642	0.457919	0.465034	0.467126	0.481705	0.505490	0.491812	0.495061	0.516315	0.531461	0.534469	0.548271	0.554854	0.556171	0.537195	0.544532	0.581136	0.564125	0.564378	0.564260	0.548812	0.548952	0.591207	0.565145	0.573211	
100 1
0.088399	0.181663	0.251655	0.060871	0.068966	0.004214	0.062965	0.204510	0.027526	0.263863	0.013580	0.072351	0.090611	0.196519	0.063717	0.022702	0.068020	0.029033	0.033468	0.077997	0.076021	0.002895	0.027118	0.081738	0.069199	0.105911	0.181568	0.018624	0.231061	0.353450	0.068754	0.251927	0.171787	0.084249	0.002237	0.006209	0.091227	0.168166	0.193194	0.137364	0.224041	0.030418	0.051439	0.000387	0.120305	0.057870	0.216819	0.085402	0.376693	0.608149	0.196925	0.232251	0.376364	0.280443	0.010304	0.235648	0.109972	0.079912	0.170294	0.573203	0.384929	0.143552	0.039097	0.127383	0.229189	0.023510	0.293538	0.332808	0.292933	0.111999	0.054737	0.275017	0.482117	0.095530	0.092833	0.129342	0.146846	0.209131	0.108893	0.152556	0.190100	0.314502	0.566413	0.552360	0.228386	0.228910	0.080390	0.580089	0.485912	0.072718	0.737862	0.585948	0.429772	0.224289	0.578336	0.152553	0.281023	0.041011	0.021280	0.139497	
100 1
0.357678	0.374765	0.363181	0.366116	0.362009	0.359477	0.356860	0.356814	0.334017	0.344501	0.316749	0.316057	0.309816	0.309809	0.292764	0.280632	0.273892	0.259047	0.246962	0.238914	0.228468	0.213032	0.205218	0.199067	0.189728	0.183663	0.178995	0.167701	0.167179	0.164967	0.163196	0.165360	0.170379	0.168858	0.160938	0.148482	0.136977	0.127958	0.123032	0.122857	0.119857	0.125074	0.119762	0.119489	0.108865	0.110558	0.095303	0.100452	0.080043	0.077266	0.111765	0.130544	0.141745	0.169714	0.187588	0.176656	0.189273	0.184473	0.177017	0.161097	0.211884	0.247413	0.256256	0.251653	0.254572	0.264212	0.254929	0.276968	0.303391	0.324050	0.325961	0.329771	0.350060	0.383009	0.384033	0.390877	0.400750	0.414632	0.423537	0.431343	0.445221	0.467771	0.501717	0.542027	0.543078	0.541954	0.526638	0.584175	0.617372	0.565479	0.640653	0.672134	0.658959	0.619785	0.674260	0.616590	0.625593	0.581459	0.565442	0.586934	
100 1
0.098057	0.100258	0.204205	0.270848	0.210273	0.256726	0.021612	0.069122	0.277305	0.206451	0.144880	0.150037	0.278726	0.550184	0.159631	0.094947	0.087456	0.081756	0.143468	0.050789	0.245267	0.109908	0.192431	0.564822	0.055004	0.099121	0.080910	0.010310	0.035968	0.181819	0.018280	0.002114	0.035228	0.184072	0.174120	0.183342	0.104659	0.244972	0.051260	0.193083	0.049234	0.016561	0.116496	0.225780	0.035984	0.113845	0.106965	0.018896	0.029769	0.149859	0.006200	0.155803	0.120390	0.092358	0.102170	0.072458	0.052132	0.035530	0.025563	0.088585	0.040993	0.176011	0.524184	0.076973	0.071782	0.150637	0.081624	0.058843	0.072559	0.136781	0.200922	0.065325	0.236129	0.294745	0.081716	0.023308	0.144020	0.355570	0.374892	0.200528	0.313951	0.049009	0.271326	0.033091	0.043979	0.002672	0.077668	0.073699	0.255231	0.371233	0.293636	0.016730	0.111667	0.041721	0.285094	0.271397	0.315672	0.412531	0.599440	0.277623	
100 1
0.356811	0.386582	0.369378	0.363956	0.362340	0.360875	0.350009	0.345733	0.349625	0.345662	0.340472	0.339019	0.340454	0.341396	0.366894	0.369555	0.369110	0.362853	0.356986	0.351605	0.344249	0.351107	0.347934	0.344682	0.383107	0.378983	0.380294	0.372668	0.360977	0.356062	0.355056	0.339369	0.325041	0.316624	0.319824	0.322545	0.325938	0.326160	0.334102	0.329638	0.333978	0.322788	0.313554	0.313742	0.317694	0.309015	0.307597	0.300141	0.285169	0.273837	0.267287	0.251536	0.249961	0.242994	0.234591	0.225531	0.211944	0.194776	0.174425	0.154256	0.139508	0.122544	0.107915	0.137777	0.137788	0.130991	0.127802	0.117811	0.106682	0.095690	0.089238	0.093506	0.081723	0.084617	0.099102	0.098566	0.086339	0.074101	0.086295	0.111927	0.121877	0.145456	0.135630	0.152015	0.139249	0.127070	0.107902	0.098349	0.081804	0.083155	0.104752	0.125764	0.117138	0.114800	0.094941	0.106884	0.118011	0.135045	0.153844	0.218844	
100 1
0.183424	0.034612	0.286364	0.416858	0.201518	0.121566	0.156401	0.283495	0.066284	0.015742	0.052817	0.107457	0.119131	0.129888	0.239866	0.120065	0.095974	0.264633	0.083966	0.077445	0.157067	0.621081	0.148771	0.707716	0.160936	0.069796	0.433752	0.552184	0.565265	0.235526	0.318797	0.278601	0.301759	0.007975	0.157325	0.129281	0.013506	0.106851	0.069950	0.123096	0.166768	0.368097	0.094163	0.147971	0.128749	0.035339	0.021385	0.132873	0.281410	0.145360	0.087950	0.177643	0.212971	0.151765	0.090316	0.074238	0.028679	0.053637	0.079702	0.028982	0.097054	0.008401	0.043451	0.208053	0.048478	0.105181	0.071224	0.039635	0.029105	0.004471	0.042721	0.021344	0.055258	0.000604	0.229651	0.158182	0.051247	0.063507	0.112093	0.049917	0.082748	0.013454	0.137763	0.296051	0.218516	0.389025	0.151368	0.157216	0.039988	0.013106	0.071650	0.192866	0.232612	0.090372	0.092714	0.031901	0.047803	0.091463	0.011125	0.056337	
100 1
0.350006	0.394418	0.364295	0.365653	0.362098	0.355455	0.355742	0.357339	0.350198	0.337947	0.329543	0.321977	0.313787	0.306493	0.305025	0.300773	0.294418	0.293515	0.292419	0.283128	0.277331	0.265570	0.300528	0.286086	0.349763	0.355999	0.356440	0.382478	0.419142	0.462434	0.479364	0.499591	0.516425	0.503093	0.509671	0.517854	0.508551	0.516563	0.519747	0.528980	0.542051	0.575613	0.559463	0.560123	0.561910	0.548932	0.543149	0.561729	0.595716	0.587313	0.574161	0.588431	0.602399	0.596812	0.583963	0.578076	0.568350	0.571215	0.578328	0.570767	0.582855	0.569031	0.572417	0.608380	0.586319	0.591801	0.587248	0.579492	0.575514	0.569583	0.576410	0.574164	0.580958	0.571361	0.618251	0.617134	0.592317	0.588724	0.599166	0.588508	0.592935	0.579088	0.602991	0.645809	0.640152	0.676977	0.632294	0.622095	0.593288	0.580064	0.590229	0.620859	0.638544	0.609646	0.602675	0.587401	0.587187	0.597344	0.581730	0.587805	
100 1
0.174468	0.506510	0.018753	0.277745	0.042026	0.019062	0.114391	0.150228	0.054420	0.517017	0.182853	0.124326	0.028084	0.150236	0.153754	0.066902	0.014106	0.349269	0.279084	0.064380	0.092734	0.085877	0.048760	0.161808	0.134148	0.070755	0.282340	0.047384	0.027271	0.251848	0.093490	0.183508	0.208137	0.369838	0.353501	0.563797	0.206863	0.298834	0.205718	0.161383	0.008241	0.015257	0.416274	0.211847	0.043187	0.010442	0.058276	0.027923	0.186332	0.193242	0.097291	0.513078	0.650118	0.130821	0.295794	0.401431	0.024928	0.144710	0.051917	0.023083	0.020615	0.002041	0.273112	0.163617	0.131485	0.125049	0.036346	0.095442	0.043557	0.024218	0.084923	0.013903	0.136256	0.066565	0.050640	0.040155	0.009111	0.043715	0.072928	0.018415	0.179241	0.042040	0.206173	0.006808	0.075189	0.016054	0.087211	0.062452	0.055174	0.097145	0.114276	0.013316	0.108883	0.023649	0.075617	0.046062	0.020541	0.069069	0.001063	0.110609	
100 1
0.350645	0.350886	0.372029	0.359620	0.358266	0.350674	0.352260	0.347373	0.332097	0.345007	0.333582	0.330918	0.324331	0.321339	0.317120	0.306677	0.291495	0.288565	0.296045	0.294857	0.289923	0.282400	0.269556	0.258914	0.254379	0.245425	0.238079	0.241103	0.226144	0.214976	0.217223	0.209375	0.211147	0.212680	0.233469	0.245846	0.298723	0.316304	0.341813	0.354356	0.356536	0.347923	0.344733	0.379814	0.383105	0.377726	0.374696	0.372529	0.374171	0.387100	0.393855	0.401174	0.437058	0.468841	0.480759	0.508092	0.495545	0.499129	0.497186	0.493109	0.493220	0.492691	0.527174	0.536885	0.536197	0.538306	0.528329	0.535434	0.532768	0.529776	0.540365	0.534319	0.553583	0.551172	0.548159	0.546883	0.542188	0.547994	0.556607	0.550322	0.578925	0.564203	0.591149	0.562752	0.567757	0.559266	0.571407	0.571289	0.570214	0.579256	0.586410	0.567960	0.582977	0.570596	0.578151	0.574943	0.568903	0.577987	0.566619	0.586982	
100 1
0.049236	0.060523	0.060499	0.126010	0.365282	0.055000	0.056428	0.057840	0.111757	0.076164	0.112896	0.007056	0.028898	0.051944	0.147634	0.030299	0.163499	0.112435	0.198353	0.009467	0.216441	0.059414	0.225027	0.235571	0.000103	0.064524	0.214603	0.029235	0.100303	0.060324	0.023924	0.000906	0.025923	0.099537	0.272597	0.104696	0.136959	0.021748	0.152802	0.147221	0.006131	0.043671	0.215672	0.121902	0.225599	0.024168	0.099782	0.260098	0.376183	0.327560	0.154482	0.047819	0.334692	0.365010	0.430495	0.408292	0.553757	0.192069	0.057256	0.024015	0.155905	0.263860	0.216473	0.258034	0.068434	0.175629	0.127498	0.198651	0.308172	0.244633	0.153373	0.029509	0.067334	0.059554	0.025644	0.108586	0.069064	0.045106	0.055820	0.030241	0.002148	0.024278	0.206618	0.124510	0.031429	0.066213	0.072783	0.042993	0.009801	0.007861	0.029942	0.054893	0.109512	0.096285	0.085868	0.068255	0.118300	0.041391	0.208211	0.211643	
100 1
0.361373	0.397259	0.395410	0.380031	0.367904	0.358861	0.350986	0.347881	0.344138	0.333569	0.328408	0.310272	0.303174	0.295178	0.293744	0.272925	0.276823	0.265630	0.265465	0.246302	0.250915	0.238350	0.237818	0.238110	0.227550	0.218121	0.212094	0.203033	0.192396	0.182967	0.170386	0.158999	0.150705	0.143091	0.131417	0.130155	0.128127	0.129637	0.121846	0.118879	0.121434	0.121123	0.107029	0.107153	0.098655	0.108096	0.104421	0.092430	0.087219	0.099406	0.119120	0.126780	0.112845	0.127531	0.144936	0.177914	0.203512	0.262803	0.278909	0.276206	0.270348	0.277478	0.296286	0.311182	0.326132	0.328589	0.339629	0.347853	0.364905	0.389250	0.402432	0.401558	0.401504	0.404684	0.404394	0.410346	0.416083	0.416898	0.419173	0.420081	0.418081	0.418724	0.434502	0.447000	0.443804	0.445946	0.451345	0.453128	0.451625	0.451591	0.455172	0.461144	0.471498	0.478483	0.482634	0.485107	0.494189	0.492787	0.512640	0.528477	
100 1
0.019316	0.129270	0.240168	0.027168	0.119093	0.038712	0.068317	0.037342	0.045139	0.057731	0.029780	0.128607	0.082346	0.074472	0.142968	0.055220	0.021456	0.009125	0.214899	0.220739	0.108252	0.007115	0.035372	0.003982	0.098523	0.106924	0.223165	0.101431	0.129868	0.152441	0.012322	0.045123	0.035073	0.053105	0.038801	0.163834	0.465226	0.108515	0.148799	0.049347	0.061332	0.144355	0.261323	0.079736	0.348148	0.096228	0.022698	0.126943	0.013604	0.066449	0.153630	0.261142	0.393396	0.103875	0.043657	0.041604	0.181497	0.052578	0.381828	0.590948	0.581016	0.366723	0.156327	0.214702	0.203944	0.427760	0.057735	0.060543	0.193005	0.121936	0.136570	0.085891	0.184700	0.448587	0.011431	0.060646	0.212046	0.193675	0.235965	0.408261	0.035898	0.736002	0.612026	0.441633	0.288460	0.155243	0.207899	0.066961	0.073727	0.013492	0.123420	0.002071	0.071180	0.015010	0.197344	0.208629	0.070421	0.034163	0.272019	0.264236	
100 1
0.364367	0.386978	0.367835	0.373803	0.365967	0.362611	0.357352	0.348972	0.341427	0.333518	0.320746	0.321711	0.306794	0.297699	0.297502	0.280274	0.267994	0.255592	0.263050	0.257046	0.246003	0.233332	0.223898	0.208339	0.200865	0.191714	0.187728	0.180484	0.177220	0.173841	0.165673	0.157403	0.150109	0.143711	0.140216	0.131107	0.114055	0.121072	0.125486	0.128687	0.123868	0.116220	0.108169	0.113904	0.102386	0.118180	0.117750	0.109098	0.110897	0.103704	0.094823	0.084482	0.080041	0.100317	0.105434	0.102847	0.089784	0.095233	0.070949	0.072477	0.101413	0.154411	0.196679	0.210706	0.225789	0.231541	0.267998	0.265405	0.264240	0.274624	0.277080	0.280661	0.281012	0.287179	0.319340	0.313481	0.317213	0.333031	0.346817	0.365805	0.385669	0.378654	0.448845	0.491637	0.508365	0.505030	0.513167	0.504922	0.503486	0.497678	0.512972	0.504942	0.512530	0.509962	0.538200	0.556423	0.542391	0.532287	0.571057	0.589630	
100 1
0.030685	0.050983	0.297652	0.045357	0.146567	0.002037	0.223426	0.119481	0.046189	0.072697	0.007979	0.033444	0.060775	0.076617	0.201321	0.028798	0.015296	0.137670	0.132423	0.164753	0.300152	0.126707	0.077487	0.016034	0.067806	0.237341	0.010351	0.077079	0.195789	0.180324	0.124919	0.237585	0.217281	0.073904	0.150453	0.078765	0.035254	0.098390	0.023766	0.017172	0.133508	0.347624	0.034255	0.392656	0.281532	0.248711	0.113590	0.265403	0.593874	0.647385	0.011150	0.317681	0.009094	0.175574	0.170566	0.153171	0.400193	0.611784	0.169912	0.106326	0.115031	0.091612	0.113433	0.111687	0.112972	0.159029	0.180865	0.211946	0.103597	0.393017	0.533402	0.012183	0.392600	0.337707	0.231091	0.089040	0.052146	0.047916	0.066922	0.118324	0.076367	0.284092	0.474919	0.047760	0.331454	0.184050	0.097203	0.236890	0.261749	0.256730	0.390661	0.295121	0.096863	0.330402	0.104631	0.118948	0.291362	0.056526	0.227101	0.132104	
100 1
0.363214	0.400725	0.366916	0.374887	0.364558	0.360922	0.361659	0.350664	0.337272	0.333413	0.319197	0.312184	0.304704	0.295957	0.297818	0.273250	0.264227	0.265739	0.256986	0.252489	0.254661	0.249522	0.245280	0.233189	0.220923	0.214859	0.203294	0.192988	0.186871	0.183638	0.180589	0.178227	0.182485	0.183943	0.177818	0.174522	0.163412	0.150603	0.142112	0.131384	0.119718	0.106590	0.115947	0.101639	0.119875	0.131739	0.146051	0.143759	0.140043	0.172107	0.231443	0.236298	0.260913	0.251061	0.259670	0.265475	0.266973	0.285390	0.344599	0.355706	0.361820	0.366608	0.370973	0.377013	0.382813	0.391449	0.403848	0.418289	0.425940	0.445338	0.481832	0.477293	0.499912	0.528626	0.533495	0.519809	0.511166	0.510289	0.515385	0.527777	0.528851	0.563002	0.609365	0.562750	0.594699	0.588054	0.569938	0.592444	0.608218	0.614232	0.643724	0.637625	0.595488	0.632662	0.599496	0.593104	0.629259	0.590503	0.616370	0.605077	
100 1
0.292347	0.716087	0.042945	0.314067	0.212269	0.251531	0.112826	0.031326	0.093455	0.168347	0.206790	0.105900	0.083614	0.053546	0.172803	0.163921	0.079328	0.168545	0.397369	0.100889	0.137310	0.084833	0.150018	0.009011	0.014631	0.007411	0.038627	0.135314	0.005672	0.016837	0.059187	0.090069	0.263702	0.338078	0.020212	0.024029	0.047275	0.031806	0.008415	0.062955	0.001577	0.037076	0.151527	0.065646	0.105076	0.111034	0.015592	0.024075	0.025981	0.000158	0.010775	0.196989	0.222835	0.031286	0.038314	0.009552	0.070477	0.130466	0.007246	0.162012	0.225429	0.076833	0.046529	0.143951	0.107563	0.059738	0.053451	0.042208	0.091492	0.079424	0.042045	0.269444	0.129838	0.029789	0.178836	0.057108	0.280761	0.138416	0.110570	0.031936	0.021053	0.017586	0.042660	0.020209	0.140192	0.193347	0.216030	0.096369	0.046912	0.077283	0.267100	0.007356	0.103653	0.088670	0.087795	0.030038	0.183856	0.037280	0.291068	0.050268	
100 1
0.343610	0.352570	0.366726	0.358300	0.362358	0.359456	0.355650	0.346006	0.341050	0.337671	0.334676	0.328432	0.320928	0.310525	0.304732	0.301018	0.292898	0.287758	0.287417	0.298716	0.296103	0.294309	0.287251	0.278890	0.258647	0.237937	0.216930	0.202237	0.188407	0.171175	0.158313	0.148155	0.138555	0.138264	0.143804	0.139828	0.132608	0.126637	0.125089	0.121855	0.130005	0.133813	0.118896	0.120445	0.114834	0.110767	0.122206	0.132052	0.141754	0.157787	0.169238	0.127416	0.099255	0.108712	0.118197	0.134910	0.132414	0.116662	0.133203	0.108868	0.086129	0.091508	0.100355	0.090685	0.090694	0.096637	0.103127	0.111768	0.107602	0.107894	0.116416	0.077204	0.079355	0.092019	0.077242	0.088981	0.061384	0.069405	0.071875	0.083665	0.093375	0.105859	0.112828	0.127267	0.105660	0.082828	0.065907	0.072795	0.083593	0.086439	0.059996	0.083235	0.078802	0.082857	0.083623	0.097027	0.075480	0.091852	0.056053	0.075724	
100 1
0.394103	0.153877	0.062055	0.000515	0.256789	0.121716	0.101008	0.014301	0.022803	0.133065	0.074708	0.014830	0.017169	0.487359	0.645157	0.157051	0.193093	0.319033	0.440542	0.335453	0.127668	0.047513	0.048030	0.051880	0.141079	0.150691	0.312850	0.311961	0.230395	0.273636	1.000000	0.237378	0.211582	0.059158	0.211031	0.162129	0.241715	0.216363	0.238783	0.072574	0.108514	0.415079	0.306883	0.117608	0.066804	0.268501	0.491739	0.119659	0.306158	0.582134	0.152908	0.230834	0.086355	0.035970	0.037303	0.140084	0.235627	0.535294	0.210842	0.036310	0.081877	0.220447	0.282047	0.061806	0.029411	0.619529	0.432464	0.228685	0.455287	0.450947	0.285529	0.124168	0.638167	0.863717	0.190322	0.211114	0.489069	0.267188	0.199106	0.685838	0.189037	0.306972	0.088339	0.615139	0.188950	0.238763	0.292907	0.124956	0.073830	0.104742	0.098318	0.142850	0.048321	0.039959	0.013462	0.111551	0.065744	0.040051	0.178772	0.316400	
100 1
0.339698	0.376102	0.372370	0.374127	0.368613	0.359646	0.349879	0.338464	0.332267	0.333109	0.318460	0.303071	0.294012	0.312173	0.307854	0.301973	0.321814	0.332258	0.344176	0.370569	0.390379	0.391241	0.384792	0.376715	0.371193	0.372504	0.376162	0.395361	0.413752	0.428267	0.398374	0.496526	0.501505	0.497737	0.508872	0.518682	0.532905	0.543696	0.554585	0.541902	0.542626	0.586054	0.600302	0.576371	0.560795	0.591746	0.641948	0.601049	0.621063	0.678839	0.623960	0.622203	0.595321	0.577720	0.574064	0.595087	0.622301	0.691114	0.646049	0.594293	0.591816	0.622464	0.645612	0.602736	0.584248	0.704755	0.704519	0.655845	0.695013	0.706523	0.671243	0.624764	0.727910	0.804225	0.669513	0.644442	0.704174	0.668807	0.643161	0.747247	0.659438	0.666067	0.616865	0.725177	0.655198	0.649352	0.661777	0.624816	0.603532	0.605831	0.605223	0.615425	0.595925	0.588894	0.581238	0.601845	0.596815	0.589254	0.619486	0.660286	
100 1
0.077740	0.083116	0.035397	0.070001	0.035337	0.055490	0.025285	0.023606	0.046417	0.048695	0.043171	0.111768	0.166751	0.149512	0.048991	0.034013	0.013062	0.240943	0.078436	0.022812	0.318211	0.004799	0.061651	0.069795	0.023220	0.241856	0.112702	0.067711	0.065032	0.091650	0.032617	0.046192	0.082510	0.088964	0.146159	0.226673	0.056169	0.063899	0.107092	0.076663	0.075834	0.161545	0.097373	0.063299	0.067105	0.080097	0.192943	0.185483	0.004235	0.158222	0.045689	0.173072	0.213448	0.067202	0.105985	0.090601	0.049247	0.083780	0.179245	0.355077	0.122195	0.090475	0.232631	0.020610	0.123170	0.190837	0.000147	0.565061	0.777972	0.211147	0.132358	0.025037	0.136259	0.006475	0.338412	0.130620	0.062476	0.024198	0.211043	0.562702	0.010273	0.418826	0.138678	0.031541	0.132914	0.036334	0.332803	0.774423	0.125786	0.093653	0.299546	0.071206	0.398861	0.195490	0.206112	0.184699	0.516278	0.285210	0.346081	0.393006	
100 1
0.358656	0.390866	0.395413	0.385627	0.381255	0.373568	0.365386	0.356813	0.348669	0.337691	0.325903	0.323497	0.320066	0.310442	0.292780	0.284534	0.271405	0.282796	0.262223	0.249278	0.259688	0.236433	0.232233	0.222244	0.207032	0.204565	0.196662	0.188565	0.180647	0.172245	0.162506	0.154318	0.147542	0.141528	0.135075	0.128775	0.128909	0.127600	0.123817	0.121723	0.119454	0.111675	0.111503	0.112447	0.113162	0.112326	0.099660	0.094830	0.105632	0.096114	0.104676	0.092252	0.085555	0.092918	0.091589	0.093339	0.097947	0.096749	0.084714	0.065595	0.079144	0.084433	0.076801	0.090674	0.082371	0.076992	0.089664	0.043700	0.051163	0.105303	0.138185	0.146152	0.133464	0.131366	0.105135	0.126277	0.124961	0.117942	0.099737	0.084771	0.127386	0.113006	0.150688	0.152856	0.142025	0.139596	0.118069	0.102097	0.178781	0.196152	0.196731	0.218288	0.208148	0.245171	0.257601	0.272515	0.275164	0.327034	0.351416	0.382420	
100 1
0.287101	0.112295	0.350838	0.293511	0.578399	0.501209	0.724747	0.177138	0.098778	0.080232	0.579102	0.173576	0.639337	0.111138	0.404013	0.354847	0.135373	0.099697	0.168716	0.137382	0.585467	0.642160	0.019600	0.015079	0.239571	0.097004	0.122606	0.048496	0.175121	0.111726	0.190758	0.128910	0.009763	0.463433	0.670035	0.216238	0.161442	0.219990	0.183240	0.129241	0.165919	0.065484	0.169265	0.855727	0.579822	0.444378	0.420700	0.588656	0.083547	0.430726	0.245558	0.004941	0.044225	0.026493	0.398365	0.332995	0.209576	0.033028	0.063198	0.152170	0.094318	0.143788	0.269791	0.056812	0.261607	0.245127	0.266867	0.138825	0.076159	0.154791	0.211721	0.051579	0.014681	0.091640	0.049234	0.164139	0.069658	0.008361	0.044168	0.148995	0.269177	0.158979	0.050035	0.034580	0.029992	0.066325	0.165537	0.033135	0.035028	0.013940	0.043500	0.055665	0.408733	0.118834	0.121489	0.095272	0.019227	0.068275	0.162398	0.214443	
100 1
0.343862	0.379694	0.358464	0.365046	0.367301	0.372609	0.372225	0.408374	0.412405	0.414977	0.398342	0.446095	0.429890	0.485849	0.486700	0.518000	0.527017	0.523778	0.530431	0.536083	0.564469	0.605665	0.576358	0.552407	0.578385	0.574139	0.575237	0.566230	0.583985	0.583053	0.596394	0.592812	0.570300	0.640555	0.701631	0.649929	0.620999	0.627028	0.623267	0.611508	0.616488	0.597472	0.614250	0.747089	0.746472	0.715433	0.703737	0.737690	0.633080	0.685664	0.660767	0.597493	0.591194	0.586454	0.668374	0.677804	0.649929	0.601460	0.596724	0.616494	0.608527	0.617524	0.649269	0.607479	0.643934	0.650775	0.657106	0.628213	0.606176	0.619206	0.636332	0.602786	0.585654	0.599295	0.593341	0.618115	0.602692	0.584191	0.587823	0.613181	0.648181	0.630879	0.600228	0.589217	0.585710	0.593260	0.618318	0.593764	0.587659	0.581539	0.586768	0.591002	0.673818	0.627218	0.615474	0.606923	0.587122	0.593489	0.617337	0.635945	
100 1
0.155444	0.067804	0.197674	0.000983	0.014647	0.075161	0.114333	0.138687	0.027558	0.036666	0.001813	0.033457	0.177497	0.044744	0.021911	0.131150	0.016499	0.120174	0.066728	0.139242	0.037236	0.249804	0.293046	0.314034	0.373934	0.381502	0.078398	0.429589	0.050276	0.024774	0.196619	0.361777	0.007219	0.233843	0.145287	0.206132	0.182599	0.073772	0.112372	0.003460	0.261253	0.332376	0.124423	0.281851	0.362217	0.080107	0.231291	0.154036	0.379694	0.278791	0.136684	0.104151	0.410296	0.060129	0.165968	0.352465	0.562251	0.331757	0.406200	0.260922	0.105762	0.186352	0.412024	0.044814	0.241898	0.616277	0.579970	0.062969	0.112727	0.187155	0.385457	0.221445	0.280699	0.144449	0.206490	0.205574	0.017106	0.051923	0.259850	0.873751	0.639071	0.429814	0.055583	0.331413	0.742625	0.394682	0.560658	0.029552	0.036406	0.326101	0.385697	0.641564	0.273438	0.113600	0.112670	0.168584	0.536692	0.335201	0.292022	0.440642	
100 1
0.352062	0.389413	0.370005	0.377874	0.373864	0.370089	0.362826	0.354456	0.336510	0.330373	0.317971	0.311700	0.316592	0.291334	0.280773	0.284745	0.261971	0.264913	0.250775	0.249525	0.232385	0.239130	0.238369	0.242454	0.253709	0.272191	0.291770	0.290969	0.317930	0.307446	0.300423	0.304685	0.319741	0.311628	0.324275	0.326509	0.336541	0.340801	0.337938	0.333773	0.325917	0.342282	0.360885	0.367391	0.388902	0.406197	0.412482	0.426464	0.442378	0.468438	0.473371	0.473801	0.500500	0.499682	0.504531	0.533786	0.573670	0.584582	0.598528	0.592576	0.566691	0.574299	0.618319	0.573217	0.594622	0.668299	0.695385	0.603966	0.589305	0.603554	0.649488	0.631619	0.639071	0.613620	0.620580	0.623840	0.583625	0.580794	0.626148	0.760448	0.759464	0.712179	0.614241	0.654252	0.755232	0.707655	0.732264	0.614170	0.589021	0.650013	0.681900	0.746906	0.677913	0.622960	0.610451	0.621061	0.708637	0.685749	0.668621	0.699805	
