100
99
100
98	94	95	48	45	34	34	32	37	2	16	1	0	1	0	1	0	13	13	13	49	66	59	72	69	2	83	73	79	2	77	73	2	71	79	61	66	13	2	2	49	66	59	78	8	77	2	77	73	2	72	67	61	63	13	2	2	38	77	72	8	78	2	66	63	2	59	2	65	76	63	59	78	2	65	79	83	13	2	2	37	63	2	62	73	63	77	72	8	78	2	65	63	78	2	59	2	64	59	67
100
94	95	48	45	34	34	32	37	2	16	1	0	1	0	1	0	13	13	13	49	66	59	72	69	2	83	73	79	2	77	73	2	71	79	61	66	13	2	2	49	66	59	78	8	77	2	77	73	2	72	67	61	63	13	2	2	38	77	72	8	78	2	66	63	2	59	2	65	76	63	59	78	2	65	79	83	13	2	2	37	63	2	62	73	63	77	72	8	78	2	65	63	78	2	59	2	64	59	67	76
100
76	2	74	76	63	77	77	26	2	66	63	2	62	73	63	77	72	8	78	2	65	63	78	2	67	78	13	2	2	38	78	8	77	2	68	79	77	78	2	72	73	78	2	64	59	67	76	13	2	2	30	72	62	2	38	2	66	59	80	63	2	78	73	2	78	63	70	70	2	83	73	79	2	38	8	71	2	66	63	76	63	11	2	59	72	62	2	80	63	76	83	2	77	78	76	73	72	65	70	83
100
2	74	76	63	77	77	26	2	66	63	2	62	73	63	77	72	8	78	2	65	63	78	2	67	78	13	2	2	38	78	8	77	2	68	79	77	78	2	72	73	78	2	64	59	67	76	13	2	2	30	72	62	2	38	2	66	59	80	63	2	78	73	2	78	63	70	70	2	83	73	79	2	38	8	71	2	66	63	76	63	11	2	59	72	62	2	80	63	76	83	2	77	78	76	73	72	65	70	83	2
100
2	66	63	76	63	11	2	60	63	61	59	79	77	63	2	38	2	66	59	80	63	2	65	76	63	59	78	2	76	63	77	74	63	61	78	2	64	73	76	2	48	78	63	80	63	2	40	67	72	65	2	59	72	62	2	66	59	80	63	2	65	76	63	59	78	2	76	63	77	74	63	61	78	2	70	67	69	63	81	67	77	63	2	64	73	76	2	32	67	78	67	84	63	72	77	2	50	72	67	78
100
66	63	76	63	11	2	60	63	61	59	79	77	63	2	38	2	66	59	80	63	2	65	76	63	59	78	2	76	63	77	74	63	61	78	2	64	73	76	2	48	78	63	80	63	2	40	67	72	65	2	59	72	62	2	66	59	80	63	2	65	76	63	59	78	2	76	63	77	74	63	61	78	2	70	67	69	63	81	67	77	63	2	64	73	76	2	32	67	78	67	84	63	72	77	2	50	72	67	78	63
100
63	62	11	2	33	59	80	67	62	2	59	72	62	2	63	80	63	76	83	60	73	62	83	11	2	59	72	62	2	78	76	63	71	63	72	62	73	79	77	2	76	63	77	63	61	78	2	64	73	76	2	78	66	63	2	49	63	59	2	45	59	76	78	83	13	2	2	30	70	77	73	11	2	59	70	77	73	2	78	66	63	2	74	63	73	74	70	63	2	73	64	2	38	73	81	59	13	2	2	49
100
62	11	2	33	59	80	67	62	2	59	72	62	2	63	80	63	76	83	60	73	62	83	11	2	59	72	62	2	78	76	63	71	63	72	62	73	79	77	2	76	63	77	63	61	78	2	64	73	76	2	78	66	63	2	49	63	59	2	45	59	76	78	83	13	2	2	30	70	77	73	11	2	59	70	77	73	2	78	66	63	2	74	63	73	74	70	63	2	73	64	2	38	73	81	59	13	2	2	49	66
100
66	63	83	2	66	59	80	63	2	77	73	71	63	78	66	67	72	65	2	67	72	2	61	73	71	71	73	72	13	2	2	37	59	76	62	12	81	73	76	69	67	72	65	2	74	63	73	74	70	63	13	2	2	49	66	63	83	2	81	59	72	78	2	78	73	2	81	73	76	69	11	2	78	66	63	83	2	81	59	72	78	2	78	73	2	71	59	69	63	2	78	66	63	2	61	73	79	72	78	76
100
63	83	2	66	59	80	63	2	77	73	71	63	78	66	67	72	65	2	67	72	2	61	73	71	71	73	72	13	2	2	37	59	76	62	12	81	73	76	69	67	72	65	2	74	63	73	74	70	63	13	2	2	49	66	63	83	2	81	59	72	78	2	78	73	2	81	73	76	69	11	2	78	66	63	83	2	81	59	72	78	2	78	73	2	71	59	69	63	2	78	66	63	2	61	73	79	72	78	76	83
100
83	2	65	76	63	59	78	13	2	2	38	2	70	73	80	63	2	78	66	63	2	74	63	73	74	70	63	2	73	64	2	38	73	81	59	13	2	2	48	73	2	78	66	59	78	8	77	2	78	66	63	2	81	59	83	2	67	78	2	67	77	13	2	2	51	63	76	83	2	77	67	71	74	70	63	13	1	0	52	67	78	66	2	78	66	59	78	2	77	59	67	62	11	2	73	79	76	2	61	73
100
2	65	76	63	59	78	13	2	2	38	2	70	73	80	63	2	78	66	63	2	74	63	73	74	70	63	2	73	64	2	38	73	81	59	13	2	2	48	73	2	78	66	59	78	8	77	2	78	66	63	2	81	59	83	2	67	78	2	67	77	13	2	2	51	63	76	83	2	77	67	71	74	70	63	13	1	0	52	67	78	66	2	78	66	59	78	2	77	59	67	62	11	2	73	79	76	2	61	73	79
100
79	72	78	76	83	2	67	77	2	76	63	59	70	70	83	2	66	63	59	62	63	62	2	67	72	2	78	66	63	2	81	76	73	72	65	2	62	67	76	63	61	78	67	73	72	2	81	67	78	66	2	59	2	74	76	63	77	67	62	63	72	78	2	81	66	73	2	67	77	2	62	73	67	72	65	2	59	72	2	59	60	77	73	70	79	78	63	70	83	2	78	63	76	76	67	60	70	63	2	68
100
72	78	76	83	2	67	77	2	76	63	59	70	70	83	2	66	63	59	62	63	62	2	67	72	2	78	66	63	2	81	76	73	72	65	2	62	67	76	63	61	78	67	73	72	2	81	67	78	66	2	59	2	74	76	63	77	67	62	63	72	78	2	81	66	73	2	67	77	2	62	73	67	72	65	2	59	72	2	59	60	77	73	70	79	78	63	70	83	2	78	63	76	76	67	60	70	63	2	68	73
100
73	60	13	2	2	49	66	63	2	81	73	76	70	62	2	67	77	2	61	73	70	70	59	74	77	67	72	65	2	59	76	73	79	72	62	2	79	77	11	2	59	72	62	2	71	59	72	83	2	73	64	2	78	66	63	2	74	76	73	60	70	63	71	77	2	81	63	8	80	63	2	61	59	79	77	63	62	13	2	2	44	79	76	2	74	76	63	77	67	62	63	72	78	2	67	77	2	63	67	78
100
60	13	2	2	49	66	63	2	81	73	76	70	62	2	67	77	2	61	73	70	70	59	74	77	67	72	65	2	59	76	73	79	72	62	2	79	77	11	2	59	72	62	2	71	59	72	83	2	73	64	2	78	66	63	2	74	76	73	60	70	63	71	77	2	81	63	8	80	63	2	61	59	79	77	63	62	13	2	2	44	79	76	2	74	76	63	77	67	62	63	72	78	2	67	77	2	63	67	78	66
100
66	63	76	2	65	76	73	77	77	70	83	2	67	72	61	73	71	74	63	78	63	72	78	11	2	59	2	81	73	76	62	2	78	66	59	78	2	71	73	76	63	2	59	72	62	2	71	73	76	63	2	74	63	73	74	70	63	2	59	76	63	2	79	77	67	72	65	11	2	59	72	62	2	38	2	78	66	67	72	69	2	38	2	81	59	77	2	78	66	63	2	64	67	76	77	78	2	78	73	2
100
63	76	2	65	76	73	77	77	70	83	2	67	72	61	73	71	74	63	78	63	72	78	11	2	59	2	81	73	76	62	2	78	66	59	78	2	71	73	76	63	2	59	72	62	2	71	73	76	63	2	74	63	73	74	70	63	2	59	76	63	2	79	77	67	72	65	11	2	59	72	62	2	38	2	78	66	67	72	69	2	38	2	81	59	77	2	78	66	63	2	64	67	76	77	78	2	78	73	2	79
100
79	77	63	2	67	78	11	2	73	76	2	66	63	2	66	59	77	2	59	2	61	73	71	74	70	63	78	63	70	83	2	62	67	64	64	63	76	63	72	78	2	59	65	63	72	62	59	2	78	66	59	72	2	83	73	79	2	81	59	72	78	2	78	73	2	69	72	73	81	2	59	60	73	79	78	11	2	81	66	67	61	66	2	61	73	79	70	62	2	60	63	2	74	73	77	77	67	60	70	63
100
77	63	2	67	78	11	2	73	76	2	66	63	2	66	59	77	2	59	2	61	73	71	74	70	63	78	63	70	83	2	62	67	64	64	63	76	63	72	78	2	59	65	63	72	62	59	2	78	66	59	72	2	83	73	79	2	81	59	72	78	2	78	73	2	69	72	73	81	2	59	60	73	79	78	11	2	81	66	67	61	66	2	61	73	79	70	62	2	60	63	2	74	73	77	77	67	60	70	63	13
100
13	2	2	38	72	2	59	72	83	2	63	80	63	72	78	11	2	52	59	77	66	67	72	65	78	73	72	2	67	77	2	60	76	73	69	63	72	11	2	59	72	62	2	73	79	76	2	61	73	79	72	78	76	83	2	67	77	2	67	72	2	77	63	76	67	73	79	77	2	78	76	73	79	60	70	63	2	59	72	62	2	78	73	78	59	70	2	62	67	77	59	76	76	59	83	13	2	2	51	63
100
2	2	38	72	2	59	72	83	2	63	80	63	72	78	11	2	52	59	77	66	67	72	65	78	73	72	2	67	77	2	60	76	73	69	63	72	11	2	59	72	62	2	73	79	76	2	61	73	79	72	78	76	83	2	67	77	2	67	72	2	77	63	76	67	73	79	77	2	78	76	73	79	60	70	63	2	59	72	62	2	78	73	78	59	70	2	62	67	77	59	76	76	59	83	13	2	2	51	63	76
100
76	83	2	77	67	71	74	70	63	13	2	2	45	73	70	67	78	67	61	67	59	72	77	2	59	76	63	2	59	70	70	2	78	59	70	69	11	2	72	73	2	59	61	78	67	73	72	13	2	2	49	66	63	83	2	59	76	63	2	59	70	70	2	78	59	70	69	2	59	72	62	2	72	73	2	59	61	78	67	73	72	13	2	2	30	72	62	2	67	78	8	77	2	61	73	72	77	78	59	72
100
83	2	77	67	71	74	70	63	13	2	2	45	73	70	67	78	67	61	67	59	72	77	2	59	76	63	2	59	70	70	2	78	59	70	69	11	2	72	73	2	59	61	78	67	73	72	13	2	2	49	66	63	83	2	59	76	63	2	59	70	70	2	78	59	70	69	2	59	72	62	2	72	73	2	59	61	78	67	73	72	13	2	2	30	72	62	2	67	78	8	77	2	61	73	72	77	78	59	72	78
100
78	26	2	67	78	2	72	63	80	63	76	2	63	72	62	77	13	1	0	30	72	62	2	38	8	71	2	59	2	61	73	72	77	63	76	80	59	78	67	80	63	11	2	59	61	78	79	59	70	70	83	2	80	63	76	83	2	61	73	72	77	63	76	80	59	78	67	80	63	11	2	59	72	62	2	38	8	71	2	59	2	47	63	74	79	60	70	67	61	59	72	13	2	2	30	72	62	2	38	8
100
26	2	67	78	2	72	63	80	63	76	2	63	72	62	77	13	1	0	30	72	62	2	38	8	71	2	59	2	61	73	72	77	63	76	80	59	78	67	80	63	11	2	59	61	78	79	59	70	70	83	2	80	63	76	83	2	61	73	72	77	63	76	80	59	78	67	80	63	11	2	59	72	62	2	38	8	71	2	59	2	47	63	74	79	60	70	67	61	59	72	13	2	2	30	72	62	2	38	8	71
100
71	2	80	63	76	83	2	62	67	77	59	74	74	73	67	72	78	63	62	2	60	83	2	73	79	76	2	47	63	74	79	60	70	67	61	59	72	2	74	73	70	67	78	67	61	67	59	72	77	13	2	2	31	63	61	59	79	77	63	2	78	66	63	83	2	70	63	78	2	78	66	63	2	74	76	63	77	67	62	63	72	78	2	65	63	78	2	59	81	59	83	2	81	67	78	66	2	59	60	77
100
2	80	63	76	83	2	62	67	77	59	74	74	73	67	72	78	63	62	2	60	83	2	73	79	76	2	47	63	74	79	60	70	67	61	59	72	2	74	73	70	67	78	67	61	67	59	72	77	13	2	2	31	63	61	59	79	77	63	2	78	66	63	83	2	70	63	78	2	78	66	63	2	74	76	63	77	67	62	63	72	78	2	65	63	78	2	59	81	59	83	2	81	67	78	66	2	59	60	77	73
100
73	70	79	78	63	2	71	79	76	62	63	76	13	2	2	54	73	79	2	77	63	63	2	59	70	81	59	83	77	11	2	73	66	2	81	63	8	76	63	2	65	73	67	72	65	2	78	73	2	62	73	2	78	66	67	77	11	2	81	63	8	76	63	2	65	73	67	72	65	2	78	73	12	12	13	2	2	43	73	78	66	67	72	65	2	63	80	63	76	2	66	59	74	74	63	72	77	26	2	72
100
70	79	78	63	2	71	79	76	62	63	76	13	2	2	54	73	79	2	77	63	63	2	59	70	81	59	83	77	11	2	73	66	2	81	63	8	76	63	2	65	73	67	72	65	2	78	73	2	62	73	2	78	66	67	77	11	2	81	63	8	76	63	2	65	73	67	72	65	2	78	73	12	12	13	2	2	43	73	78	66	67	72	65	2	63	80	63	76	2	66	59	74	74	63	72	77	26	2	72	73
100
73	78	66	67	72	65	2	63	80	63	76	2	66	59	74	74	63	72	77	13	1	0	54	73	79	2	70	73	73	69	2	59	78	2	44	60	59	71	59	61	59	76	63	13	2	2	30	2	78	73	78	59	70	2	61	59	78	59	77	78	76	73	74	66	63	2	59	72	62	2	60	83	2	78	66	63	2	81	59	83	2	67	78	2	76	63	59	70	70	83	2	69	67	61	69	77	2	67	72	2
100
78	66	67	72	65	2	63	80	63	76	2	66	59	74	74	63	72	77	13	1	0	54	73	79	2	70	73	73	69	2	59	78	2	44	60	59	71	59	61	59	76	63	13	2	2	30	2	78	73	78	59	70	2	61	59	78	59	77	78	76	73	74	66	63	2	59	72	62	2	60	83	2	78	66	63	2	81	59	83	2	67	78	2	76	63	59	70	70	83	2	69	67	61	69	77	2	67	72	2	67
100
67	72	2	8	16	21	2	59	72	62	2	67	78	2	67	77	2	65	73	67	72	65	2	78	73	2	60	63	2	59	2	62	67	77	59	77	78	63	76	13	2	2	45	63	73	74	70	63	2	59	76	63	2	61	70	73	77	67	72	65	2	79	74	2	77	66	73	74	77	13	2	2	33	73	61	78	73	76	77	2	59	76	63	2	75	79	67	78	78	67	72	65	2	78	66	63	2	60	79	77
100
72	2	8	16	21	2	59	72	62	2	67	78	2	67	77	2	65	73	67	72	65	2	78	73	2	60	63	2	59	2	62	67	77	59	77	78	63	76	13	2	2	45	63	73	74	70	63	2	59	76	63	2	61	70	73	77	67	72	65	2	79	74	2	77	66	73	74	77	13	2	2	33	73	61	78	73	76	77	2	59	76	63	2	75	79	67	78	78	67	72	65	2	78	66	63	2	60	79	77	67
100
67	72	63	77	77	13	2	2	38	2	66	59	80	63	2	59	2	64	76	67	63	72	62	2	73	64	2	71	67	72	63	2	81	66	73	8	77	2	59	2	62	73	61	78	73	76	11	2	59	2	80	63	76	83	2	65	73	73	62	2	62	73	61	78	73	76	11	2	59	2	80	63	76	83	2	77	79	61	61	63	77	77	64	79	70	2	65	79	83	13	2	2	37	63	2	77	59	67	62	11
100
72	63	77	77	13	2	2	38	2	66	59	80	63	2	59	2	64	76	67	63	72	62	2	73	64	2	71	67	72	63	2	81	66	73	8	77	2	59	2	62	73	61	78	73	76	11	2	59	2	80	63	76	83	2	65	73	73	62	2	62	73	61	78	73	76	11	2	59	2	80	63	76	83	2	77	79	61	61	63	77	77	64	79	70	2	65	79	83	13	2	2	37	63	2	77	59	67	62	11	2
100
2	38	2	66	59	80	63	2	71	73	76	63	2	59	61	61	73	79	72	78	59	72	78	77	2	78	66	59	72	2	38	2	66	59	80	63	2	74	59	78	67	63	72	78	77	13	2	2	30	72	62	2	66	63	2	72	63	63	62	77	2	60	63	61	59	79	77	63	2	67	78	2	67	77	2	77	73	2	61	73	71	74	70	67	61	59	78	63	62	2	59	72	62	2	77	73	2	78	63	76
100
38	2	66	59	80	63	2	71	73	76	63	2	59	61	61	73	79	72	78	59	72	78	77	2	78	66	59	72	2	38	2	66	59	80	63	2	74	59	78	67	63	72	78	77	13	2	2	30	72	62	2	66	63	2	72	63	63	62	77	2	60	63	61	59	79	77	63	2	67	78	2	67	77	2	77	73	2	61	73	71	74	70	67	61	59	78	63	62	2	59	72	62	2	77	73	2	78	63	76	76
100
76	67	60	70	63	2	59	72	62	2	66	63	8	77	2	72	63	80	63	76	2	66	59	62	2	78	66	59	78	2	60	63	64	73	76	63	2	59	72	62	2	66	63	8	77	2	65	73	67	72	65	2	78	73	2	61	70	73	77	63	2	79	74	2	66	67	77	2	60	79	77	67	72	63	77	77	13	2	2	30	72	62	2	66	63	2	81	59	77	2	80	63	76	83	2	77	79	61	61	63
100
67	60	70	63	2	59	72	62	2	66	63	8	77	2	72	63	80	63	76	2	66	59	62	2	78	66	59	78	2	60	63	64	73	76	63	2	59	72	62	2	66	63	8	77	2	65	73	67	72	65	2	78	73	2	61	70	73	77	63	2	79	74	2	66	67	77	2	60	79	77	67	72	63	77	77	13	2	2	30	72	62	2	66	63	2	81	59	77	2	80	63	76	83	2	77	79	61	61	63	77
100
77	77	64	79	70	2	65	79	83	13	2	2	31	79	78	2	67	78	8	77	2	66	59	74	74	63	72	67	72	65	2	71	73	76	63	2	59	72	62	2	71	73	76	63	13	1	0	41	73	73	69	2	59	78	2	44	60	59	71	59	61	59	76	63	2	81	67	78	66	2	59	2	5	20	2	60	67	70	70	67	73	72	2	81	63	60	77	67	78	63	13	2	2	38	2	66	59	80	63	2
100
77	64	79	70	2	65	79	83	13	2	2	31	79	78	2	67	78	8	77	2	66	59	74	74	63	72	67	72	65	2	71	73	76	63	2	59	72	62	2	71	73	76	63	13	1	0	41	73	73	69	2	59	78	2	44	60	59	71	59	61	59	76	63	2	81	67	78	66	2	59	2	5	20	2	60	67	70	70	67	73	72	2	81	63	60	77	67	78	63	13	2	2	38	2	66	59	80	63	2	71
100
71	59	72	83	2	81	63	60	77	67	78	63	77	11	2	71	59	72	83	11	2	71	59	72	83	2	81	63	60	77	67	78	63	77	13	2	2	49	66	63	83	8	76	63	2	59	70	70	2	73	80	63	76	2	78	66	63	2	74	70	59	61	63	13	2	2	31	79	78	2	64	73	76	2	5	16	15	11	2	73	69	59	83	28	1	0	43	73	81	2	63	80	63	76	83	78	66	67	72	65
100
59	72	83	2	81	63	60	77	67	78	63	77	11	2	71	59	72	83	11	2	71	59	72	83	2	81	63	60	77	67	78	63	77	13	2	2	49	66	63	83	8	76	63	2	59	70	70	2	73	80	63	76	2	78	66	63	2	74	70	59	61	63	13	2	2	31	79	78	2	64	73	76	2	5	16	15	11	2	73	69	59	83	28	1	0	43	73	81	2	63	80	63	76	83	78	66	67	72	65	2
100
2	59	60	73	79	78	2	44	60	59	71	59	61	59	76	63	2	81	59	77	2	59	2	70	67	63	13	2	2	38	78	2	81	59	77	2	59	2	64	67	70	78	66	83	2	70	67	63	13	2	2	30	72	62	2	81	66	63	72	2	83	73	79	2	78	66	67	72	69	2	59	60	73	79	78	2	67	78	11	2	70	67	63	77	11	2	38	2	71	63	59	72	2	59	76	63	2	78	66	63
100
59	60	73	79	78	2	44	60	59	71	59	61	59	76	63	2	81	59	77	2	59	2	70	67	63	13	2	2	38	78	2	81	59	77	2	59	2	64	67	70	78	66	83	2	70	67	63	13	2	2	30	72	62	2	81	66	63	72	2	83	73	79	2	78	66	67	72	69	2	59	60	73	79	78	2	67	78	11	2	70	67	63	77	11	2	38	2	71	63	59	72	2	59	76	63	2	78	66	63	83
100
83	2	74	76	73	77	63	61	79	78	63	62	28	2	2	33	73	63	77	2	59	72	83	73	72	63	2	62	73	2	59	72	83	78	66	67	72	65	28	2	2	30	72	62	2	81	66	59	78	2	59	76	63	2	78	66	63	2	47	63	74	79	60	70	67	61	59	72	2	74	73	70	67	78	67	61	67	59	72	77	2	62	73	67	72	65	2	59	60	73	79	78	2	67	78	28	2	2	37	63
100
2	74	76	73	77	63	61	79	78	63	62	28	2	2	33	73	63	77	2	59	72	83	73	72	63	2	62	73	2	59	72	83	78	66	67	72	65	28	2	2	30	72	62	2	81	66	59	78	2	59	76	63	2	78	66	63	2	47	63	74	79	60	70	67	61	59	72	2	74	73	70	67	78	67	61	67	59	72	77	2	62	73	67	72	65	2	59	60	73	79	78	2	67	78	28	2	2	37	63	2
100
2	70	67	63	62	2	59	60	73	79	78	2	78	66	63	2	62	73	61	78	73	76	11	2	66	63	2	70	67	63	62	2	59	60	73	79	78	2	63	80	63	76	83	2	59	77	74	63	61	78	13	2	2	54	73	79	2	61	59	72	2	69	63	63	74	2	83	73	79	76	2	74	70	59	72	13	2	2	30	72	62	2	83	73	79	8	80	63	2	59	70	70	2	66	63	59	76	62	2	78
100
70	67	63	62	2	59	60	73	79	78	2	78	66	63	2	62	73	61	78	73	76	11	2	66	63	2	70	67	63	62	2	59	60	73	79	78	2	63	80	63	76	83	2	59	77	74	63	61	78	13	2	2	54	73	79	2	61	59	72	2	69	63	63	74	2	83	73	79	76	2	74	70	59	72	13	2	2	30	72	62	2	83	73	79	8	80	63	2	59	70	70	2	66	63	59	76	62	2	78	66
100
66	59	78	2	66	79	72	62	76	63	62	77	2	73	64	2	78	67	71	63	77	13	2	2	49	66	59	78	8	77	2	70	67	69	63	2	78	66	63	2	76	63	59	70	2	63	77	78	59	78	63	2	70	73	61	59	78	67	73	72	11	2	70	73	61	59	78	67	73	72	13	2	2	38	2	62	73	72	8	78	2	63	80	63	72	2	77	59	83	2	67	78	2	59	72	83	71	73	76	63
100
59	78	2	66	79	72	62	76	63	62	77	2	73	64	2	78	67	71	63	77	13	2	2	49	66	59	78	8	77	2	70	67	69	63	2	78	66	63	2	76	63	59	70	2	63	77	78	59	78	63	2	70	73	61	59	78	67	73	72	11	2	70	73	61	59	78	67	73	72	13	2	2	38	2	62	73	72	8	78	2	63	80	63	72	2	77	59	83	2	67	78	2	59	72	83	71	73	76	63	2
100
2	60	63	61	59	79	77	63	2	63	80	63	76	83	60	73	62	83	2	65	73	63	77	2	70	73	61	59	78	67	73	72	11	2	70	73	61	59	78	67	73	72	13	2	2	31	79	78	2	83	73	79	2	66	59	80	63	2	66	63	59	76	62	2	78	66	67	77	2	59	60	73	79	78	2	44	60	59	71	59	61	59	76	63	13	1	0	30	72	62	2	67	78	8	77	2	62	67	77	65
100
60	63	61	59	79	77	63	2	63	80	63	76	83	60	73	62	83	2	65	73	63	77	2	70	73	61	59	78	67	73	72	11	2	70	73	61	59	78	67	73	72	13	2	2	31	79	78	2	83	73	79	2	66	59	80	63	2	66	63	59	76	62	2	78	66	67	77	2	59	60	73	79	78	2	44	60	59	71	59	61	59	76	63	13	1	0	30	72	62	2	67	78	8	77	2	62	67	77	65	76
100
76	59	61	63	64	79	70	13	2	2	38	78	8	77	2	59	2	60	67	65	11	2	64	59	78	11	2	66	73	76	76	67	60	70	63	2	70	67	63	13	2	2	54	73	79	76	2	62	63	62	79	61	78	67	60	70	63	77	2	59	76	63	2	65	73	67	72	65	2	78	66	76	73	79	65	66	2	78	66	63	2	76	73	73	64	13	2	2	54	73	79	8	76	63	2	72	73	78	2	65
100
59	61	63	64	79	70	13	2	2	38	78	8	77	2	59	2	60	67	65	11	2	64	59	78	11	2	66	73	76	76	67	60	70	63	2	70	67	63	13	2	2	54	73	79	76	2	62	63	62	79	61	78	67	60	70	63	77	2	59	76	63	2	65	73	67	72	65	2	78	66	76	73	79	65	66	2	78	66	63	2	76	73	73	64	13	2	2	54	73	79	8	76	63	2	72	73	78	2	65	73
100
73	67	72	65	2	78	73	2	65	63	78	12	12	79	72	70	63	77	77	2	83	73	79	8	76	63	2	66	67	78	2	60	83	2	59	72	2	59	76	71	83	2	78	59	72	69	11	2	83	73	79	8	76	63	2	72	73	78	2	65	73	67	72	65	2	78	73	2	65	63	78	2	61	73	80	63	76	59	65	63	13	2	2	30	72	62	2	74	63	73	74	70	63	2	78	66	59	78	2	66
100
67	72	65	2	78	73	2	65	63	78	12	12	79	72	70	63	77	77	2	83	73	79	8	76	63	2	66	67	78	2	60	83	2	59	72	2	59	76	71	83	2	78	59	72	69	11	2	83	73	79	8	76	63	2	72	73	78	2	65	73	67	72	65	2	78	73	2	65	63	78	2	61	73	80	63	76	59	65	63	13	2	2	30	72	62	2	74	63	73	74	70	63	2	78	66	59	78	2	66	59
100
59	62	2	74	70	59	72	77	2	78	66	59	78	2	78	66	63	83	2	70	73	80	63	62	11	2	78	66	59	78	2	78	66	63	83	2	76	63	59	70	70	83	2	70	73	80	63	62	11	2	62	73	72	8	78	2	66	59	80	63	2	78	66	73	77	63	2	74	70	59	72	77	2	59	72	83	71	73	76	63	13	2	2	48	73	2	67	78	8	77	2	59	2	76	63	59	70	11	2	76
100
62	2	74	70	59	72	77	2	78	66	59	78	2	78	66	63	83	2	70	73	80	63	62	11	2	78	66	59	78	2	78	66	63	83	2	76	63	59	70	70	83	2	70	73	80	63	62	11	2	62	73	72	8	78	2	66	59	80	63	2	78	66	73	77	63	2	74	70	59	72	77	2	59	72	83	71	73	76	63	13	2	2	48	73	2	67	78	8	77	2	59	2	76	63	59	70	11	2	76	63
100
63	59	70	2	62	67	77	59	77	78	63	76	13	2	2	30	72	62	2	77	73	71	63	60	73	62	83	2	66	59	77	2	78	73	2	76	63	74	63	59	70	2	59	72	62	2	76	63	74	70	59	61	63	2	44	60	59	71	59	61	59	76	63	13	2	2	30	72	62	2	78	66	63	83	2	66	59	80	63	2	78	73	2	62	73	2	67	78	2	64	59	77	78	2	59	72	62	2	72	73
100
59	70	2	62	67	77	59	77	78	63	76	13	2	2	30	72	62	2	77	73	71	63	60	73	62	83	2	66	59	77	2	78	73	2	76	63	74	63	59	70	2	59	72	62	2	76	63	74	70	59	61	63	2	44	60	59	71	59	61	59	76	63	13	2	2	30	72	62	2	78	66	63	83	2	66	59	80	63	2	78	73	2	62	73	2	67	78	2	64	59	77	78	2	59	72	62	2	72	73	78
100
78	2	68	79	77	78	2	78	59	70	69	2	59	60	73	79	78	2	67	78	13	1	0	43	73	81	11	2	81	63	2	66	59	80	63	2	78	73	2	60	79	67	70	62	2	59	2	64	63	72	61	63	13	2	2	30	72	62	2	67	78	8	77	2	65	73	78	2	78	73	2	60	63	2	59	2	60	63	59	79	78	83	13	2	2	52	66	73	2	61	59	72	2	60	79	67	70	62	2	60
100
2	68	79	77	78	2	78	59	70	69	2	59	60	73	79	78	2	67	78	13	1	0	43	73	81	11	2	81	63	2	66	59	80	63	2	78	73	2	60	79	67	70	62	2	59	2	64	63	72	61	63	13	2	2	30	72	62	2	67	78	8	77	2	65	73	78	2	78	73	2	60	63	2	59	2	60	63	59	79	78	83	13	2	2	52	66	73	2	61	59	72	2	60	79	67	70	62	2	60	63
100
63	78	78	63	76	2	78	66	59	72	2	49	76	79	71	74	28	2	2	38	2	60	79	67	70	62	26	2	67	78	8	77	2	81	66	59	78	2	38	2	62	73	13	2	2	38	2	60	79	67	70	62	26	2	38	2	60	79	67	70	62	2	72	67	61	63	2	64	63	72	61	63	77	11	2	60	79	78	2	38	2	60	79	67	70	62	2	65	76	63	59	78	2	60	79	67	70	62	67	72
100
78	78	63	76	2	78	66	59	72	2	49	76	79	71	74	28	2	2	38	2	60	79	67	70	62	26	2	67	78	8	77	2	81	66	59	78	2	38	2	62	73	13	2	2	38	2	60	79	67	70	62	26	2	38	2	60	79	67	70	62	2	72	67	61	63	2	64	63	72	61	63	77	11	2	60	79	78	2	38	2	60	79	67	70	62	2	65	76	63	59	78	2	60	79	67	70	62	67	72	65
100
65	77	13	2	2	35	63	72	61	63	77	2	59	76	63	2	63	59	77	83	11	2	60	63	70	67	63	80	63	2	71	63	13	2	2	38	2	77	59	81	2	78	66	63	2	73	78	66	63	76	2	62	59	83	2	73	72	2	78	63	70	63	80	67	77	67	73	72	2	74	63	73	74	70	63	2	68	79	77	78	2	81	59	70	69	67	72	65	2	59	61	76	73	77	77	2	78	66	63	2
100
77	13	2	2	35	63	72	61	63	77	2	59	76	63	2	63	59	77	83	11	2	60	63	70	67	63	80	63	2	71	63	13	2	2	38	2	77	59	81	2	78	66	63	2	73	78	66	63	76	2	62	59	83	2	73	72	2	78	63	70	63	80	67	77	67	73	72	2	74	63	73	74	70	63	2	68	79	77	78	2	81	59	70	69	67	72	65	2	59	61	76	73	77	77	2	78	66	63	2	60
100
60	73	76	62	63	76	13	2	2	49	66	63	83	8	76	63	2	81	59	70	69	67	72	65	13	2	2	49	66	63	2	71	67	70	67	78	59	76	83	2	67	77	2	77	78	59	72	62	67	72	65	2	78	66	63	76	63	2	66	73	70	62	67	72	65	2	65	79	72	77	2	59	72	62	2	74	63	73	74	70	63	2	59	76	63	2	68	79	77	78	2	81	59	70	69	67	72	65	2	76
100
73	76	62	63	76	13	2	2	49	66	63	83	8	76	63	2	81	59	70	69	67	72	65	13	2	2	49	66	63	2	71	67	70	67	78	59	76	83	2	67	77	2	77	78	59	72	62	67	72	65	2	78	66	63	76	63	2	66	73	70	62	67	72	65	2	65	79	72	77	2	59	72	62	2	74	63	73	74	70	63	2	59	76	63	2	68	79	77	78	2	81	59	70	69	67	72	65	2	76	67
100
67	65	66	78	2	67	72	2	64	76	73	72	78	11	2	61	73	71	67	72	65	2	67	72	78	73	2	73	79	76	2	61	73	79	72	78	76	83	13	2	2	38	78	2	67	77	2	77	73	2	78	63	76	76	67	60	70	63	13	2	2	38	78	2	67	77	2	77	73	2	79	72	64	59	67	76	13	2	2	38	78	2	67	77	2	77	73	2	67	72	61	73	71	74	63	78	63	72	78	13
100
65	66	78	2	67	72	2	64	76	73	72	78	11	2	61	73	71	67	72	65	2	67	72	78	73	2	73	79	76	2	61	73	79	72	78	76	83	13	2	2	38	78	2	67	77	2	77	73	2	78	63	76	76	67	60	70	63	13	2	2	38	78	2	67	77	2	77	73	2	79	72	64	59	67	76	13	2	2	38	78	2	67	77	2	77	73	2	67	72	61	73	71	74	63	78	63	72	78	13	2
100
2	2	30	72	62	2	81	63	2	62	73	72	8	78	2	66	59	80	63	2	78	66	63	2	60	63	77	78	2	61	73	71	67	72	65	2	67	72	13	2	2	52	63	2	66	59	80	63	2	74	63	73	74	70	63	2	78	66	59	78	2	59	76	63	2	61	76	67	71	67	72	59	70	77	11	2	81	63	2	66	59	80	63	2	74	63	73	74	70	63	2	78	66	59	78	2	59	76	63	2
100
2	30	72	62	2	81	63	2	62	73	72	8	78	2	66	59	80	63	2	78	66	63	2	60	63	77	78	2	61	73	71	67	72	65	2	67	72	13	2	2	52	63	2	66	59	80	63	2	74	63	73	74	70	63	2	78	66	59	78	2	59	76	63	2	61	76	67	71	67	72	59	70	77	11	2	81	63	2	66	59	80	63	2	74	63	73	74	70	63	2	78	66	59	78	2	59	76	63	2	61
100
61	76	73	73	69	77	13	2	2	54	73	79	2	61	59	72	2	61	63	76	78	59	67	72	70	83	2	66	59	80	63	2	78	63	76	76	73	76	67	77	78	77	13	2	2	54	73	79	2	61	59	72	2	61	63	76	78	59	67	72	70	83	2	66	59	80	63	2	38	77	70	59	71	67	61	2	78	63	76	76	73	76	67	77	78	77	13	2	2	54	73	79	2	61	59	72	2	66	59	80
100
76	73	73	69	77	13	2	2	54	73	79	2	61	59	72	2	61	63	76	78	59	67	72	70	83	2	66	59	80	63	2	78	63	76	76	73	76	67	77	78	77	13	2	2	54	73	79	2	61	59	72	2	61	63	76	78	59	67	72	70	83	2	66	59	80	63	2	38	77	70	59	71	67	61	2	78	63	76	76	73	76	67	77	78	77	13	2	2	54	73	79	2	61	59	72	2	66	59	80	63
100
63	2	59	72	83	78	66	67	72	65	2	61	73	71	67	72	65	2	59	61	76	73	77	77	2	78	66	63	2	60	73	76	62	63	76	13	2	2	52	63	2	62	73	72	8	78	2	62	73	2	59	72	83	78	66	67	72	65	2	59	60	73	79	78	2	67	78	13	2	2	48	73	2	38	2	81	73	79	70	62	2	77	59	83	2	78	66	59	78	2	67	64	2	38	2	76	79	72	2	59
100
2	59	72	83	78	66	67	72	65	2	61	73	71	67	72	65	2	59	61	76	73	77	77	2	78	66	63	2	60	73	76	62	63	76	13	2	2	52	63	2	62	73	72	8	78	2	62	73	2	59	72	83	78	66	67	72	65	2	59	60	73	79	78	2	67	78	13	2	2	48	73	2	38	2	81	73	79	70	62	2	77	59	83	2	78	66	59	78	2	67	64	2	38	2	76	79	72	2	59	72
100
72	62	2	67	64	2	38	2	81	67	72	11	2	38	2	81	73	79	70	62	2	61	63	76	78	59	67	72	70	83	2	77	78	59	76	78	2	60	83	2	60	79	67	70	62	67	72	65	2	59	2	80	63	76	83	11	2	80	63	76	83	2	74	73	81	63	76	64	79	70	2	60	73	76	62	63	76	13	1	0	1	0	1	0	30	65	59	67	72	11	2	78	66	63	2	74	73	70	67	78
100
62	2	67	64	2	38	2	81	67	72	11	2	38	2	81	73	79	70	62	2	61	63	76	78	59	67	72	70	83	2	77	78	59	76	78	2	60	83	2	60	79	67	70	62	67	72	65	2	59	2	80	63	76	83	11	2	80	63	76	83	2	74	73	81	63	76	64	79	70	2	60	73	76	62	63	76	13	1	0	1	0	1	0	30	65	59	67	72	11	2	78	66	63	2	74	73	70	67	78	67
100
67	61	67	59	72	77	2	78	59	70	69	2	59	60	73	79	78	2	67	78	2	59	72	62	2	78	66	63	83	2	62	73	2	72	73	78	66	67	72	65	2	59	60	73	79	78	2	67	78	13	2	2	31	63	72	65	66	59	84	67	13	2	2	44	66	11	2	31	63	72	65	66	59	84	67	11	2	31	63	72	65	66	59	84	67	13	2	2	34	80	63	76	83	78	66	67	72	65	2	67
100
61	67	59	72	77	2	78	59	70	69	2	59	60	73	79	78	2	67	78	2	59	72	62	2	78	66	63	83	2	62	73	2	72	73	78	66	67	72	65	2	59	60	73	79	78	2	67	78	13	2	2	31	63	72	65	66	59	84	67	13	2	2	44	66	11	2	31	63	72	65	66	59	84	67	11	2	31	63	72	65	66	59	84	67	13	2	2	34	80	63	76	83	78	66	67	72	65	2	67	77
100
77	2	31	63	72	65	66	59	84	67	13	2	2	52	66	59	78	2	66	59	74	74	63	72	77	28	2	2	43	73	78	66	67	72	65	13	1	0	38	47	48	11	2	63	12	71	59	67	70	77	13	2	2	38	2	65	63	78	2	77	79	63	62	2	59	70	70	2	78	66	63	2	78	67	71	63	11	2	73	69	59	83	13	2	2	38	2	76	79	72	2	59	2	60	67	65	2	60	79	77
100
2	31	63	72	65	66	59	84	67	13	2	2	52	66	59	78	2	66	59	74	74	63	72	77	28	2	2	43	73	78	66	67	72	65	13	1	0	38	47	48	11	2	63	12	71	59	67	70	77	13	2	2	38	2	65	63	78	2	77	79	63	62	2	59	70	70	2	78	66	63	2	78	67	71	63	11	2	73	69	59	83	13	2	2	38	2	76	79	72	2	59	2	60	67	65	2	60	79	77	67
100
67	72	63	77	77	13	2	2	54	73	79	2	69	72	73	81	2	38	8	80	63	2	59	70	81	59	83	77	2	77	59	67	62	2	67	78	8	77	2	80	63	76	83	11	2	80	63	76	83	2	66	59	76	62	2	64	73	76	2	59	2	74	63	76	77	73	72	2	81	66	73	2	67	77	2	80	63	76	83	2	77	79	61	61	63	77	77	64	79	70	13	2	2	38	2	66	59	80	63	2
100
72	63	77	77	13	2	2	54	73	79	2	69	72	73	81	2	38	8	80	63	2	59	70	81	59	83	77	2	77	59	67	62	2	67	78	8	77	2	80	63	76	83	11	2	80	63	76	83	2	66	59	76	62	2	64	73	76	2	59	2	74	63	76	77	73	72	2	81	66	73	2	67	77	2	80	63	76	83	2	77	79	61	61	63	77	77	64	79	70	13	2	2	38	2	66	59	80	63	2	62
100
62	73	72	63	2	77	73	2	71	59	72	83	2	62	63	59	70	77	13	2	2	30	70	71	73	77	78	2	59	70	70	2	73	64	2	78	66	63	71	2	66	59	80	63	2	60	63	63	72	2	78	76	63	71	63	72	62	73	79	77	70	83	2	77	79	61	61	63	77	77	64	79	70	13	2	2	54	73	79	8	70	70	2	77	63	63	2	78	66	59	78	2	81	66	63	72	2	38	2	64
100
73	72	63	2	77	73	2	71	59	72	83	2	62	63	59	70	77	13	2	2	30	70	71	73	77	78	2	59	70	70	2	73	64	2	78	66	63	71	2	66	59	80	63	2	60	63	63	72	2	78	76	63	71	63	72	62	73	79	77	70	83	2	77	79	61	61	63	77	77	64	79	70	13	2	2	54	73	79	8	70	70	2	77	63	63	2	78	66	59	78	2	81	66	63	72	2	38	2	64	67
100
67	70	63	2	71	83	2	77	78	59	78	63	71	63	72	78	77	13	2	2	38	2	71	63	59	72	2	83	73	79	2	81	67	70	70	2	77	63	63	26	2	83	73	79	2	81	67	70	70	2	60	63	2	80	63	76	83	2	74	76	73	79	62	2	73	64	2	71	63	11	2	73	69	59	83	13	2	2	31	79	78	2	38	8	80	63	2	59	70	81	59	83	77	2	77	59	67	62	11	2
100
70	63	2	71	83	2	77	78	59	78	63	71	63	72	78	77	13	2	2	38	2	71	63	59	72	2	83	73	79	2	81	67	70	70	2	77	63	63	26	2	83	73	79	2	81	67	70	70	2	60	63	2	80	63	76	83	2	74	76	73	79	62	2	73	64	2	71	63	11	2	73	69	59	83	13	2	2	31	79	78	2	38	8	80	63	2	59	70	81	59	83	77	2	77	59	67	62	11	2	59
100
59	72	62	2	38	2	77	59	67	62	2	67	78	2	77	78	76	73	72	65	70	83	11	2	67	78	8	77	2	80	63	76	83	2	66	59	76	62	2	64	73	76	2	77	73	71	63	60	73	62	83	2	78	66	59	78	2	62	73	63	77	2	78	76	63	71	63	72	62	73	79	77	2	72	79	71	60	63	76	77	2	73	64	2	62	63	59	70	77	2	78	73	2	76	79	72	2	64	73	76
100
72	62	2	38	2	77	59	67	62	2	67	78	2	77	78	76	73	72	65	70	83	11	2	67	78	8	77	2	80	63	76	83	2	66	59	76	62	2	64	73	76	2	77	73	71	63	60	73	62	83	2	78	66	59	78	2	62	73	63	77	2	78	76	63	71	63	72	62	73	79	77	2	72	79	71	60	63	76	77	2	73	64	2	62	63	59	70	77	2	78	73	2	76	79	72	2	64	73	76	2
100
2	74	73	70	67	78	67	61	77	11	2	76	79	72	2	64	73	76	2	74	73	70	67	78	67	61	59	70	2	73	64	64	67	61	63	11	2	59	72	83	2	73	64	64	67	61	63	11	2	70	63	78	2	59	70	73	72	63	2	74	76	63	77	67	62	63	72	78	13	2	2	31	63	61	59	79	77	63	2	83	73	79	8	80	63	2	62	73	72	63	2	77	73	2	71	79	61	66	26	2
100
74	73	70	67	78	67	61	77	11	2	76	79	72	2	64	73	76	2	74	73	70	67	78	67	61	59	70	2	73	64	64	67	61	63	11	2	59	72	83	2	73	64	64	67	61	63	11	2	70	63	78	2	59	70	73	72	63	2	74	76	63	77	67	62	63	72	78	13	2	2	31	63	61	59	79	77	63	2	83	73	79	8	80	63	2	62	73	72	63	2	77	73	2	71	79	61	66	26	2	83
100
83	73	79	8	80	63	2	60	63	59	78	63	72	2	77	73	2	71	59	72	83	2	74	63	73	74	70	63	26	2	83	73	79	8	80	63	2	61	76	63	59	78	63	62	2	77	73	2	71	59	72	83	12	12	2	2	41	73	73	69	11	2	44	60	59	71	59	11	2	81	66	59	78	2	62	67	62	2	66	63	2	62	73	28	2	2	43	73	2	62	63	59	70	13	2	2	37	63	2	72
100
73	79	8	80	63	2	60	63	59	78	63	72	2	77	73	2	71	59	72	83	2	74	63	73	74	70	63	26	2	83	73	79	8	80	63	2	61	76	63	59	78	63	62	2	77	73	2	71	59	72	83	12	12	2	2	41	73	73	69	11	2	44	60	59	71	59	11	2	81	66	59	78	2	62	67	62	2	66	63	2	62	73	28	2	2	43	73	2	62	63	59	70	13	2	2	37	63	2	72	63
100
63	80	63	76	2	62	67	62	2	59	2	62	63	59	70	13	2	2	37	63	2	62	67	62	2	73	72	63	2	62	63	59	70	13	2	2	30	2	66	73	79	77	63	13	2	2	30	72	62	2	67	64	2	83	73	79	2	62	67	62	2	78	66	59	78	2	66	73	79	77	63	2	83	73	79	8	62	2	60	63	2	67	72	2	68	59	67	70	2	76	67	65	66	78	2	72	73	81	11	2
100
80	63	76	2	62	67	62	2	59	2	62	63	59	70	13	2	2	37	63	2	62	67	62	2	73	72	63	2	62	63	59	70	13	2	2	30	2	66	73	79	77	63	13	2	2	30	72	62	2	67	64	2	83	73	79	2	62	67	62	2	78	66	59	78	2	66	73	79	77	63	2	83	73	79	8	62	2	60	63	2	67	72	2	68	59	67	70	2	76	67	65	66	78	2	72	73	81	11	2	73
100
73	69	59	83	13	2	2	37	63	2	65	73	78	2	59	81	59	83	2	81	67	78	66	2	71	79	76	62	63	76	13	2	2	31	79	78	2	38	2	61	59	72	2	78	63	70	70	2	83	73	79	11	2	63	12	71	59	67	70	77	13	2	2	38	47	48	11	2	78	66	63	2	63	12	71	59	67	70	77	11	2	78	66	73	79	77	59	72	62	77	2	73	64	2	78	66	63	71	11	2
100
69	59	83	13	2	2	37	63	2	65	73	78	2	59	81	59	83	2	81	67	78	66	2	71	79	76	62	63	76	13	2	2	31	79	78	2	38	2	61	59	72	2	78	63	70	70	2	83	73	79	11	2	63	12	71	59	67	70	77	13	2	2	38	47	48	11	2	78	66	63	2	63	12	71	59	67	70	77	11	2	78	66	73	79	77	59	72	62	77	2	73	64	2	78	66	63	71	11	2	78
100
78	66	63	83	2	81	63	76	63	2	70	73	77	78	26	2	78	66	63	83	2	81	63	76	63	2	70	73	77	78	13	2	2	38	64	2	83	73	79	2	81	63	76	63	2	67	72	2	71	83	2	81	73	76	70	62	2	83	73	79	2	81	73	79	70	62	2	69	72	73	81	2	78	66	59	78	2	63	12	71	59	67	70	77	2	61	59	72	8	78	2	60	63	2	70	73	77	78	26	2
100
66	63	83	2	81	63	76	63	2	70	73	77	78	26	2	78	66	63	83	2	81	63	76	63	2	70	73	77	78	13	2	2	38	64	2	83	73	79	2	81	63	76	63	2	67	72	2	71	83	2	81	73	76	70	62	2	83	73	79	2	81	73	79	70	62	2	69	72	73	81	2	78	66	59	78	2	63	12	71	59	67	70	77	2	61	59	72	8	78	2	60	63	2	70	73	77	78	26	2	78
100
78	66	63	83	2	61	59	72	8	78	2	60	63	2	70	73	77	78	13	2	2	48	73	2	81	66	83	2	59	76	63	72	8	78	2	73	79	76	2	74	73	70	67	78	67	61	67	59	72	77	2	64	67	72	62	67	72	65	2	73	79	78	2	81	66	63	76	63	2	78	66	73	77	63	2	63	12	71	59	67	70	77	2	59	76	63	28	1	0	49	66	63	83	2	78	59	70	69	2	59
100
66	63	83	2	61	59	72	8	78	2	60	63	2	70	73	77	78	13	2	2	48	73	2	81	66	83	2	59	76	63	72	8	78	2	73	79	76	2	74	73	70	67	78	67	61	67	59	72	77	2	64	67	72	62	67	72	65	2	73	79	78	2	81	66	63	76	63	2	78	66	73	77	63	2	63	12	71	59	67	70	77	2	59	76	63	28	1	0	49	66	63	83	2	78	59	70	69	2	59	60
100
60	73	79	78	2	63	82	63	61	79	78	67	80	63	2	73	76	62	63	76	77	2	59	72	62	2	78	66	63	83	2	78	59	70	69	2	59	60	73	79	78	2	67	71	71	67	65	76	59	78	67	73	72	2	59	72	62	2	78	66	63	83	2	78	59	70	69	2	59	60	73	79	78	2	73	66	2	81	63	70	70	2	81	63	2	66	59	80	63	2	78	73	2	77	78	73	74	2	78	66
100
73	79	78	2	63	82	63	61	79	78	67	80	63	2	73	76	62	63	76	77	2	59	72	62	2	78	66	63	83	2	78	59	70	69	2	59	60	73	79	78	2	67	71	71	67	65	76	59	78	67	73	72	2	59	72	62	2	78	66	63	83	2	78	59	70	69	2	59	60	73	79	78	2	73	66	2	81	63	70	70	2	81	63	2	66	59	80	63	2	78	73	2	77	78	73	74	2	78	66	63
100
63	2	60	73	76	62	63	76	26	2	78	66	59	78	8	77	2	78	66	63	2	63	72	62	2	73	64	2	67	78	13	2	2	31	63	70	67	63	80	63	2	71	63	2	67	64	2	38	2	62	67	62	2	77	73	71	63	78	66	67	72	65	2	83	73	79	2	81	73	79	70	62	2	66	59	80	63	2	59	2	60	73	76	62	63	76	2	78	66	59	78	2	81	73	79	70	62	2	60	63
100
2	60	73	76	62	63	76	26	2	78	66	59	78	8	77	2	78	66	63	2	63	72	62	2	73	64	2	67	78	13	2	2	31	63	70	67	63	80	63	2	71	63	2	67	64	2	38	2	62	67	62	2	77	73	71	63	78	66	67	72	65	2	83	73	79	2	81	73	79	70	62	2	66	59	80	63	2	59	2	60	73	76	62	63	76	2	78	66	59	78	2	81	73	79	70	62	2	60	63	2
100
2	65	76	63	59	78	13	2	2	31	79	78	2	78	66	63	83	2	78	59	70	69	2	59	60	73	79	78	2	67	78	13	2	2	30	72	62	2	78	66	63	72	2	83	73	79	2	66	59	80	63	2	59	2	74	76	63	77	67	62	63	72	78	2	78	66	59	78	2	62	73	63	77	2	59	72	2	63	82	63	61	79	78	67	80	63	2	73	76	62	63	76	13	2	2	43	73	60	73	62
100
65	76	63	59	78	13	2	2	31	79	78	2	78	66	63	83	2	78	59	70	69	2	59	60	73	79	78	2	67	78	13	2	2	30	72	62	2	78	66	63	72	2	83	73	79	2	66	59	80	63	2	59	2	74	76	63	77	67	62	63	72	78	2	78	66	59	78	2	62	73	63	77	2	59	72	2	63	82	63	61	79	78	67	80	63	2	73	76	62	63	76	13	2	2	43	73	60	73	62	83
100
83	2	63	80	63	72	2	66	63	59	76	62	2	73	64	2	59	72	2	63	82	63	61	79	78	67	80	63	2	73	76	62	63	76	13	2	2	37	63	2	62	73	63	77	2	67	78	2	78	73	2	70	63	78	2	74	63	73	74	70	63	2	61	73	71	63	2	67	72	2	59	72	62	2	72	73	60	73	62	83	2	62	73	63	77	2	59	72	83	78	66	67	72	65	2	59	60	73	79	78
100
2	63	80	63	72	2	66	63	59	76	62	2	73	64	2	59	72	2	63	82	63	61	79	78	67	80	63	2	73	76	62	63	76	13	2	2	37	63	2	62	73	63	77	2	67	78	2	78	73	2	70	63	78	2	74	63	73	74	70	63	2	61	73	71	63	2	67	72	2	59	72	62	2	72	73	60	73	62	83	2	62	73	63	77	2	59	72	83	78	66	67	72	65	2	59	60	73	79	78	2
100
2	63	82	63	61	79	78	67	80	63	2	73	76	62	63	76	77	13	2	2	52	66	83	2	62	67	62	72	8	78	2	78	66	63	83	2	65	73	2	78	73	2	61	73	79	76	78	2	59	72	62	2	59	77	69	2	64	73	76	2	62	63	61	70	59	76	59	78	73	76	83	2	68	79	62	65	71	63	72	78	12	12	81	66	67	61	66	2	67	77	2	77	73	71	63	78	66	67	72	65
100
63	82	63	61	79	78	67	80	63	2	73	76	62	63	76	77	13	2	2	52	66	83	2	62	67	62	72	8	78	2	78	66	63	83	2	65	73	2	78	73	2	61	73	79	76	78	2	59	72	62	2	59	77	69	2	64	73	76	2	62	63	61	70	59	76	59	78	73	76	83	2	68	79	62	65	71	63	72	78	12	12	81	66	67	61	66	2	67	77	2	77	73	71	63	78	66	67	72	65	2
100
2	78	66	59	78	2	81	66	63	72	2	83	73	79	2	69	72	73	81	2	77	73	71	63	60	73	62	83	2	67	77	2	65	73	67	72	65	2	78	73	2	65	73	2	59	64	78	63	76	2	83	73	79	2	59	72	62	2	81	66	63	72	2	67	78	8	77	2	67	72	2	81	76	67	78	67	72	65	11	2	59	72	62	2	66	63	8	77	2	60	63	63	72	2	77	59	83	67	72	65
100
78	66	59	78	2	81	66	63	72	2	83	73	79	2	69	72	73	81	2	77	73	71	63	60	73	62	83	2	67	77	2	65	73	67	72	65	2	78	73	2	65	73	2	59	64	78	63	76	2	83	73	79	2	59	72	62	2	81	66	63	72	2	67	78	8	77	2	67	72	2	81	76	67	78	67	72	65	11	2	59	72	62	2	66	63	8	77	2	60	63	63	72	2	77	59	83	67	72	65	2
100
2	67	78	2	64	73	76	2	59	2	70	73	72	65	2	78	67	71	63	26	2	66	63	2	77	59	67	62	11	2	38	8	71	2	65	73	67	72	65	2	78	73	2	59	74	74	76	73	80	63	2	78	66	67	77	2	59	72	62	2	78	66	59	78	12	12	81	66	83	2	62	67	62	72	8	78	2	73	79	76	2	47	63	74	79	60	70	67	61	59	72	77	2	65	73	2	67	72	2	59
100
67	78	2	64	73	76	2	59	2	70	73	72	65	2	78	67	71	63	26	2	66	63	2	77	59	67	62	11	2	38	8	71	2	65	73	67	72	65	2	78	73	2	59	74	74	76	73	80	63	2	78	66	67	77	2	59	72	62	2	78	66	59	78	12	12	81	66	83	2	62	67	62	72	8	78	2	73	79	76	2	47	63	74	79	60	70	67	61	59	72	77	2	65	73	2	67	72	2	59	72
100
72	62	2	65	63	78	2	59	2	62	63	61	70	59	76	59	78	73	76	83	2	68	79	62	65	71	63	72	78	2	64	76	73	71	2	78	66	63	2	61	73	79	76	78	77	2	60	63	61	59	79	77	63	2	83	73	79	2	61	73	79	70	62	2	66	59	80	63	2	77	78	59	76	78	63	62	2	78	66	63	2	74	76	73	61	63	77	77	2	77	67	82	2	71	73	72	78	66	77	2
100
62	2	65	63	78	2	59	2	62	63	61	70	59	76	59	78	73	76	83	2	68	79	62	65	71	63	72	78	2	64	76	73	71	2	78	66	63	2	61	73	79	76	78	77	2	60	63	61	59	79	77	63	2	83	73	79	2	61	73	79	70	62	2	66	59	80	63	2	77	78	59	76	78	63	62	2	78	66	63	2	74	76	73	61	63	77	77	2	77	67	82	2	71	73	72	78	66	77	2	63
100
63	59	76	70	67	63	76	13	2	2	38	72	77	78	63	59	62	2	78	66	63	83	2	66	59	80	63	2	59	2	81	63	59	69	2	70	59	81	77	79	67	78	11	2	78	66	59	78	2	74	76	73	60	59	60	70	83	2	78	66	63	2	78	67	71	63	2	67	78	8	77	2	64	67	72	67	77	66	63	62	11	2	38	2	69	72	73	81	2	77	73	2	71	79	61	66	2	59	60	73
100
59	76	70	67	63	76	13	2	2	38	72	77	78	63	59	62	2	78	66	63	83	2	66	59	80	63	2	59	2	81	63	59	69	2	70	59	81	77	79	67	78	11	2	78	66	59	78	2	74	76	73	60	59	60	70	83	2	78	66	63	2	78	67	71	63	2	67	78	8	77	2	64	67	72	67	77	66	63	62	11	2	38	2	69	72	73	81	2	77	73	2	71	79	61	66	2	59	60	73	79
100
79	78	2	78	66	67	77	11	2	77	67	82	11	2	77	63	80	63	72	11	2	63	67	65	66	78	2	83	63	59	76	77	2	64	76	73	71	2	72	73	81	2	63	80	63	76	83	73	72	63	8	77	2	65	73	67	72	65	2	78	73	2	64	73	76	65	63	78	2	59	60	73	79	78	2	67	78	13	2	2	52	63	8	70	70	2	60	63	2	67	72	78	73	2	59	2	62	67	64	64
100
78	2	78	66	67	77	11	2	77	67	82	11	2	77	63	80	63	72	11	2	63	67	65	66	78	2	83	63	59	76	77	2	64	76	73	71	2	72	73	81	2	63	80	63	76	83	73	72	63	8	77	2	65	73	67	72	65	2	78	73	2	64	73	76	65	63	78	2	59	60	73	79	78	2	67	78	13	2	2	52	63	8	70	70	2	60	63	2	67	72	78	73	2	59	2	62	67	64	64	63
100
63	76	63	72	78	2	71	73	62	63	11	2	59	72	62	2	73	79	76	2	61	73	79	72	78	76	83	2	81	67	70	70	2	60	63	2	64	79	76	78	66	63	76	2	62	63	77	78	76	73	83	63	62	13	2	2	48	73	2	81	63	2	66	59	80	63	2	78	73	2	62	73	2	77	73	71	63	78	66	67	72	65	13	1	0	39	73	60	77	13	2	2	32	66	67	72	59	13	2	2
100
76	63	72	78	2	71	73	62	63	11	2	59	72	62	2	73	79	76	2	61	73	79	72	78	76	83	2	81	67	70	70	2	60	63	2	64	79	76	78	66	63	76	2	62	63	77	78	76	73	83	63	62	13	2	2	48	73	2	81	63	2	66	59	80	63	2	78	73	2	62	73	2	77	73	71	63	78	66	67	72	65	13	1	0	39	73	60	77	13	2	2	32	66	67	72	59	13	2	2	38
100
38	2	71	63	59	72	2	38	8	80	63	2	71	59	62	63	2	77	73	2	71	79	61	66	2	71	73	72	63	83	2	64	67	65	66	78	67	72	65	2	59	65	59	67	72	77	78	2	78	66	63	2	32	66	67	72	63	77	63	13	2	2	44	72	63	2	73	64	2	78	66	63	2	60	63	77	78	2	62	63	59	70	77	2	38	2	63	80	63	76	2	62	67	62	2	81	59	77	2	59
100
2	71	63	59	72	2	38	8	80	63	2	71	59	62	63	2	77	73	2	71	79	61	66	2	71	73	72	63	83	2	64	67	65	66	78	67	72	65	2	59	65	59	67	72	77	78	2	78	66	63	2	32	66	67	72	63	77	63	13	2	2	44	72	63	2	73	64	2	78	66	63	2	60	63	77	78	2	62	63	59	70	77	2	38	2	63	80	63	76	2	62	67	62	2	81	59	77	2	59	65
100
65	59	67	72	77	78	2	78	66	63	2	32	66	67	72	63	77	63	11	2	59	72	62	2	78	66	63	83	2	76	63	77	74	63	61	78	2	71	63	2	64	73	76	2	67	78	13	2	2	30	72	62	2	38	2	69	72	73	81	2	78	66	63	71	13	2	2	30	72	62	2	78	66	63	83	2	77	59	83	11	2	81	63	2	61	59	72	8	78	2	60	63	70	67	63	80	63	2	81	66
100
59	67	72	77	78	2	78	66	63	2	32	66	67	72	63	77	63	11	2	59	72	62	2	78	66	63	83	2	76	63	77	74	63	61	78	2	71	63	2	64	73	76	2	67	78	13	2	2	30	72	62	2	38	2	69	72	73	81	2	78	66	63	71	13	2	2	30	72	62	2	78	66	63	83	2	77	59	83	11	2	81	63	2	61	59	72	8	78	2	60	63	70	67	63	80	63	2	81	66	59
100
59	78	2	81	63	8	76	63	2	65	63	78	78	67	72	65	2	59	81	59	83	2	81	67	78	66	13	2	2	52	63	2	61	59	72	8	78	2	60	63	70	67	63	80	63	2	66	73	81	2	77	78	79	74	67	62	2	83	73	79	76	2	70	63	59	62	63	76	77	2	59	76	63	13	2	2	49	66	63	83	2	78	63	70	70	2	71	63	2	78	66	59	78	13	2	2	43	73	81	2
100
78	2	81	63	8	76	63	2	65	63	78	78	67	72	65	2	59	81	59	83	2	81	67	78	66	13	2	2	52	63	2	61	59	72	8	78	2	60	63	70	67	63	80	63	2	66	73	81	2	77	78	79	74	67	62	2	83	73	79	76	2	70	63	59	62	63	76	77	2	59	76	63	13	2	2	49	66	63	83	2	78	63	70	70	2	71	63	2	78	66	59	78	13	2	2	43	73	81	2	78
100
78	66	63	83	2	62	73	72	8	78	2	69	72	73	81	2	38	8	71	2	65	73	67	72	65	2	78	73	2	65	73	2	59	72	62	2	71	59	69	63	2	59	2	77	74	63	63	61	66	2	59	60	73	79	78	2	67	78	11	2	60	79	78	2	81	66	83	2	72	73	78	13	2	2	31	79	78	2	78	66	63	83	2	78	63	70	70	2	71	63	2	78	66	59	78	13	1	0	30	72
100
66	63	83	2	62	73	72	8	78	2	69	72	73	81	2	38	8	71	2	65	73	67	72	65	2	78	73	2	65	73	2	59	72	62	2	71	59	69	63	2	59	2	77	74	63	63	61	66	2	59	60	73	79	78	2	67	78	11	2	60	79	78	2	81	66	83	2	72	73	78	13	2	2	31	79	78	2	78	66	63	83	2	78	63	70	70	2	71	63	2	78	66	59	78	13	1	0	30	72	62
100
62	2	60	83	2	78	66	63	2	81	59	83	11	2	63	77	74	63	61	67	59	70	70	83	2	64	73	76	2	78	66	63	2	64	73	70	69	77	2	66	63	76	63	2	78	66	59	78	2	77	63	70	70	2	77	73	2	71	79	61	66	12	12	65	73	73	62	77	11	2	38	2	71	63	59	72	2	78	66	63	2	65	73	73	62	77	2	83	73	79	2	77	63	70	70	2	59	76	63	2
100
2	60	83	2	78	66	63	2	81	59	83	11	2	63	77	74	63	61	67	59	70	70	83	2	64	73	76	2	78	66	63	2	64	73	70	69	77	2	66	63	76	63	2	78	66	59	78	2	77	63	70	70	2	77	73	2	71	79	61	66	12	12	65	73	73	62	77	11	2	38	2	71	63	59	72	2	78	66	63	2	65	73	73	62	77	2	83	73	79	2	77	63	70	70	2	59	76	63	2	67
100
67	72	61	76	63	62	67	60	70	63	26	2	38	2	62	73	72	8	78	2	69	72	73	81	2	67	64	2	83	73	79	8	80	63	2	60	63	63	72	2	81	59	78	61	66	67	72	65	2	81	66	59	78	8	77	2	66	59	74	74	63	72	67	72	65	2	81	67	78	66	2	78	66	63	2	62	63	80	59	70	79	59	78	67	73	72	77	2	73	64	2	77	73	2	71	59	72	83	2	61
100
72	61	76	63	62	67	60	70	63	26	2	38	2	62	73	72	8	78	2	69	72	73	81	2	67	64	2	83	73	79	8	80	63	2	60	63	63	72	2	81	59	78	61	66	67	72	65	2	81	66	59	78	8	77	2	66	59	74	74	63	72	67	72	65	2	81	67	78	66	2	78	66	63	2	62	63	80	59	70	79	59	78	67	73	72	77	2	73	64	2	77	73	2	71	59	72	83	2	61	73
100
73	79	72	78	76	67	63	77	13	2	2	49	66	63	2	34	79	76	73	11	2	32	66	67	72	59	2	67	77	2	65	73	67	72	65	2	61	76	59	84	83	2	81	67	78	66	2	78	66	63	2	62	63	80	59	70	79	59	78	67	73	72	13	2	2	38	2	72	63	80	63	76	2	78	66	73	79	65	66	78	2	78	66	59	78	2	78	66	63	83	8	62	2	66	59	80	63	2	78	66
100
79	72	78	76	67	63	77	13	2	2	49	66	63	2	34	79	76	73	11	2	32	66	67	72	59	2	67	77	2	65	73	67	72	65	2	61	76	59	84	83	2	81	67	78	66	2	78	66	63	2	62	63	80	59	70	79	59	78	67	73	72	13	2	2	38	2	72	63	80	63	76	2	78	66	73	79	65	66	78	2	78	66	59	78	2	78	66	63	83	8	62	2	66	59	80	63	2	78	66	63
100
63	2	65	79	78	77	2	78	73	2	62	73	2	81	66	59	78	2	78	66	63	83	8	76	63	2	62	73	67	72	65	13	2	2	49	66	63	83	2	59	76	63	2	62	63	80	59	70	79	67	72	65	2	62	73	81	72	2	78	73	2	72	73	78	66	67	72	65	13	2	2	30	72	62	2	81	66	59	78	2	67	78	8	77	2	65	73	67	72	65	2	78	73	2	62	73	2	67	77	2
100
2	65	79	78	77	2	78	73	2	62	73	2	81	66	59	78	2	78	66	63	83	8	76	63	2	62	73	67	72	65	13	2	2	49	66	63	83	2	59	76	63	2	62	63	80	59	70	79	67	72	65	2	62	73	81	72	2	78	73	2	72	73	78	66	67	72	65	13	2	2	30	72	62	2	81	66	59	78	2	67	78	8	77	2	65	73	67	72	65	2	78	73	2	62	73	2	67	77	2	71
100
71	59	69	63	2	67	78	2	67	71	74	73	77	77	67	60	70	63	2	64	73	76	2	83	73	79	2	78	73	2	77	63	70	70	2	83	73	79	76	2	74	76	73	62	79	61	78	26	2	67	78	8	77	2	65	73	67	72	65	2	71	59	69	63	2	67	78	2	67	71	74	73	77	77	67	60	70	63	2	64	73	76	2	83	73	79	2	78	73	2	61	73	71	74	63	78	63	13	2	2
100
59	69	63	2	67	78	2	67	71	74	73	77	77	67	60	70	63	2	64	73	76	2	83	73	79	2	78	73	2	77	63	70	70	2	83	73	79	76	2	74	76	73	62	79	61	78	26	2	67	78	8	77	2	65	73	67	72	65	2	71	59	69	63	2	67	78	2	67	71	74	73	77	77	67	60	70	63	2	64	73	76	2	83	73	79	2	78	73	2	61	73	71	74	63	78	63	13	2	2	30
100
30	72	62	2	78	66	63	83	8	76	63	2	65	63	78	78	67	72	65	2	59	81	59	83	2	81	67	78	66	2	67	78	13	2	2	30	72	62	2	78	66	63	83	2	81	73	79	70	62	72	8	78	2	66	59	80	63	2	63	80	63	72	2	62	73	72	63	2	67	78	2	78	81	73	2	83	63	59	76	77	2	59	65	73	11	2	60	79	78	2	72	73	81	2	78	66	63	83	2	64
100
72	62	2	78	66	63	83	8	76	63	2	65	63	78	78	67	72	65	2	59	81	59	83	2	81	67	78	66	2	67	78	13	2	2	30	72	62	2	78	66	63	83	2	81	73	79	70	62	72	8	78	2	66	59	80	63	2	63	80	63	72	2	62	73	72	63	2	67	78	2	78	81	73	2	83	63	59	76	77	2	59	65	73	11	2	60	79	78	2	72	73	81	2	78	66	63	83	2	64	63
100
63	63	70	2	81	63	8	76	63	2	77	73	2	81	63	59	69	2	59	72	62	2	81	63	2	66	59	80	63	2	77	73	2	71	59	72	83	2	62	67	64	64	63	76	63	72	78	2	74	76	73	60	70	63	71	77	2	59	70	70	2	73	80	63	76	2	78	66	63	2	81	73	76	70	62	2	78	66	59	78	2	78	66	63	83	2	61	59	72	2	62	73	2	67	78	13	2	2	31	79
100
63	70	2	81	63	8	76	63	2	77	73	2	81	63	59	69	2	59	72	62	2	81	63	2	66	59	80	63	2	77	73	2	71	59	72	83	2	62	67	64	64	63	76	63	72	78	2	74	76	73	60	70	63	71	77	2	59	70	70	2	73	80	63	76	2	78	66	63	2	81	73	76	70	62	2	78	66	59	78	2	78	66	63	83	2	61	59	72	2	62	73	2	67	78	13	2	2	31	79	78
100
78	2	83	73	79	2	81	59	78	61	66	2	78	66	67	77	2	62	63	80	59	70	79	59	78	67	73	72	2	73	64	2	59	70	70	2	73	64	2	67	78	13	2	2	38	2	71	63	59	72	2	78	66	63	2	34	79	76	73	11	2	32	66	67	72	59	11	2	42	63	82	67	61	73	26	2	63	80	63	76	83	60	73	62	83	2	67	77	2	62	63	80	59	70	79	67	72	65	13	2
100
2	83	73	79	2	81	59	78	61	66	2	78	66	67	77	2	62	63	80	59	70	79	59	78	67	73	72	2	73	64	2	59	70	70	2	73	64	2	67	78	13	2	2	38	2	71	63	59	72	2	78	66	63	2	34	79	76	73	11	2	32	66	67	72	59	11	2	42	63	82	67	61	73	26	2	63	80	63	76	83	60	73	62	83	2	67	77	2	62	63	80	59	70	79	67	72	65	13	2	2
100
2	30	72	62	2	81	66	63	72	2	83	73	79	2	66	63	59	76	2	78	66	63	2	62	73	70	70	59	76	2	67	77	2	65	63	78	78	67	72	65	2	77	78	76	73	72	65	63	76	11	2	67	78	2	77	73	79	72	62	77	2	65	73	73	62	13	2	2	54	73	79	2	69	72	73	81	2	67	78	8	77	2	73	72	63	2	73	64	2	78	66	73	77	63	2	78	66	67	72	65
100
30	72	62	2	81	66	63	72	2	83	73	79	2	66	63	59	76	2	78	66	63	2	62	73	70	70	59	76	2	67	77	2	65	63	78	78	67	72	65	2	77	78	76	73	72	65	63	76	11	2	67	78	2	77	73	79	72	62	77	2	65	73	73	62	13	2	2	54	73	79	2	69	72	73	81	2	67	78	8	77	2	73	72	63	2	73	64	2	78	66	73	77	63	2	78	66	67	72	65	77
100
77	11	2	77	73	79	72	62	77	2	65	73	73	62	13	2	2	31	63	2	80	63	76	83	2	61	59	76	63	64	79	70	13	2	2	31	63	2	80	63	76	83	2	61	59	76	63	64	79	70	13	2	2	31	63	61	59	79	77	63	2	81	63	8	76	63	2	68	79	77	78	2	65	73	67	72	65	2	78	73	2	70	73	77	63	2	71	73	76	63	2	59	72	62	2	71	73	76	63	2
100
11	2	77	73	79	72	62	77	2	65	73	73	62	13	2	2	31	63	2	80	63	76	83	2	61	59	76	63	64	79	70	13	2	2	31	63	2	80	63	76	83	2	61	59	76	63	64	79	70	13	2	2	31	63	61	59	79	77	63	2	81	63	8	76	63	2	68	79	77	78	2	65	73	67	72	65	2	78	73	2	70	73	77	63	2	71	73	76	63	2	59	72	62	2	71	73	76	63	2	60
100
60	79	77	67	72	63	77	77	2	78	73	2	78	66	63	77	63	2	64	73	76	63	67	65	72	2	61	73	79	72	78	76	67	63	77	2	78	66	59	78	2	76	63	59	70	70	83	2	69	72	73	81	2	81	66	59	78	2	78	66	63	83	2	59	76	63	2	62	73	67	72	65	13	2	2	49	66	63	83	2	66	59	80	63	2	67	78	2	77	63	78	13	2	2	33	73	72	8	78	2
100
79	77	67	72	63	77	77	2	78	73	2	78	66	63	77	63	2	64	73	76	63	67	65	72	2	61	73	79	72	78	76	67	63	77	2	78	66	59	78	2	76	63	59	70	70	83	2	69	72	73	81	2	81	66	59	78	2	78	66	63	83	2	59	76	63	2	62	73	67	72	65	13	2	2	49	66	63	83	2	66	59	80	63	2	67	78	2	77	63	78	13	2	2	33	73	72	8	78	2	64
100
64	73	76	65	63	78	2	59	72	73	78	66	63	76	2	78	66	67	72	65	13	2	2	32	66	67	72	59	2	60	63	61	59	71	63	2	78	66	63	2	72	79	71	60	63	76	2	73	72	63	2	63	61	73	72	73	71	67	61	2	74	73	81	63	76	2	59	2	83	63	59	76	2	59	65	73	13	2	2	49	66	59	78	2	81	59	77	2	79	72	78	66	67	72	69	59	60	70	63	26
100
73	76	65	63	78	2	59	72	73	78	66	63	76	2	78	66	67	72	65	13	2	2	32	66	67	72	59	2	60	63	61	59	71	63	2	78	66	63	2	72	79	71	60	63	76	2	73	72	63	2	63	61	73	72	73	71	67	61	2	74	73	81	63	76	2	59	2	83	63	59	76	2	59	65	73	13	2	2	49	66	59	78	2	81	59	77	2	79	72	78	66	67	72	69	59	60	70	63	26	2
100
2	78	73	2	78	66	67	72	69	2	78	66	59	78	2	78	66	59	78	2	81	59	77	2	65	73	67	72	65	2	78	73	2	66	59	74	74	63	72	13	2	2	38	78	2	81	59	77	2	59	60	77	73	70	79	78	63	70	83	2	79	72	78	66	67	72	69	59	60	70	63	13	2	2	48	73	2	67	78	2	66	59	74	74	63	72	63	62	2	59	72	62	2	67	78	8	77	2	80	63
100
78	73	2	78	66	67	72	69	2	78	66	59	78	2	78	66	59	78	2	81	59	77	2	65	73	67	72	65	2	78	73	2	66	59	74	74	63	72	13	2	2	38	78	2	81	59	77	2	59	60	77	73	70	79	78	63	70	83	2	79	72	78	66	67	72	69	59	60	70	63	13	2	2	48	73	2	67	78	2	66	59	74	74	63	72	63	62	2	59	72	62	2	67	78	8	77	2	80	63	76
100
76	83	11	2	80	63	76	83	2	77	59	62	13	1	0	43	73	81	2	81	63	2	77	74	63	72	78	2	5	17	2	78	76	67	70	70	67	73	72	2	67	72	2	38	76	59	75	13	2	2	52	63	2	65	73	78	2	72	73	78	66	67	72	65	13	2	2	49	66	63	83	2	62	73	72	8	78	2	63	80	63	72	2	76	63	77	74	63	61	78	2	79	77	26	2	78	66	63	83	2
100
83	11	2	80	63	76	83	2	77	59	62	13	1	0	43	73	81	2	81	63	2	77	74	63	72	78	2	5	17	2	78	76	67	70	70	67	73	72	2	67	72	2	38	76	59	75	13	2	2	52	63	2	65	73	78	2	72	73	78	66	67	72	65	13	2	2	49	66	63	83	2	62	73	72	8	78	2	63	80	63	72	2	76	63	77	74	63	61	78	2	79	77	26	2	78	66	63	83	2	62
100
62	73	72	8	78	2	63	80	63	72	2	61	59	76	63	2	59	60	73	79	78	2	79	77	13	2	2	50	72	78	67	70	2	78	66	63	83	2	77	78	59	76	78	63	62	2	65	63	78	78	67	72	65	2	78	66	63	67	76	2	59	77	77	2	69	67	61	69	63	62	11	2	59	72	62	2	61	59	70	70	11	2	73	66	2	74	70	63	59	77	63	2	61	73	71	63	2	60	59	61
100
73	72	8	78	2	63	80	63	72	2	61	59	76	63	2	59	60	73	79	78	2	79	77	13	2	2	50	72	78	67	70	2	78	66	63	83	2	77	78	59	76	78	63	62	2	65	63	78	78	67	72	65	2	78	66	63	67	76	2	59	77	77	2	69	67	61	69	63	62	11	2	59	72	62	2	61	59	70	70	11	2	73	66	2	74	70	63	59	77	63	2	61	73	71	63	2	60	59	61	69
100
69	2	59	72	62	2	66	63	70	74	2	79	77	13	2	2	52	63	2	81	59	72	78	2	83	73	79	2	73	79	78	26	2	78	66	63	72	2	59	70	70	2	73	64	2	78	66	63	2	77	79	62	62	63	72	2	59	2	72	63	81	2	65	76	73	79	74	2	64	73	76	71	77	11	2	38	48	38	48	13	2	2	31	83	2	78	66	63	2	81	59	83	11	2	83	73	79	2	69	72
100
2	59	72	62	2	66	63	70	74	2	79	77	13	2	2	52	63	2	81	59	72	78	2	83	73	79	2	73	79	78	26	2	78	66	63	72	2	59	70	70	2	73	64	2	78	66	63	2	77	79	62	62	63	72	2	59	2	72	63	81	2	65	76	73	79	74	2	64	73	76	71	77	11	2	38	48	38	48	13	2	2	31	83	2	78	66	63	2	81	59	83	11	2	83	73	79	2	69	72	73
100
73	81	2	66	73	81	2	78	66	63	83	2	64	73	76	71	63	62	13	2	2	49	66	63	83	2	78	73	73	69	2	78	66	63	2	73	67	70	13	2	2	30	72	62	2	64	73	76	2	78	66	73	77	63	2	73	64	2	83	73	79	2	78	66	59	78	2	69	72	73	81	2	59	72	62	2	70	73	80	63	2	33	73	72	59	70	62	2	49	76	79	71	74	12	12	78	66	63	76	63
100
81	2	66	73	81	2	78	66	63	83	2	64	73	76	71	63	62	13	2	2	49	66	63	83	2	78	73	73	69	2	78	66	63	2	73	67	70	13	2	2	30	72	62	2	64	73	76	2	78	66	73	77	63	2	73	64	2	83	73	79	2	78	66	59	78	2	69	72	73	81	2	59	72	62	2	70	73	80	63	2	33	73	72	59	70	62	2	49	76	79	71	74	12	12	78	66	63	76	63	2
100
2	59	76	63	2	77	73	71	63	2	73	64	2	83	73	79	12	12	66	59	80	63	2	38	2	60	63	63	72	2	77	59	83	67	72	65	2	64	73	76	2	64	73	79	76	2	83	63	59	76	77	11	2	69	63	63	74	2	78	66	63	2	73	67	70	13	2	2	48	73	2	72	73	81	2	38	48	38	48	2	66	59	77	2	78	66	63	2	73	67	70	13	2	2	30	72	62	2	78	66
100
59	76	63	2	77	73	71	63	2	73	64	2	83	73	79	12	12	66	59	80	63	2	38	2	60	63	63	72	2	77	59	83	67	72	65	2	64	73	76	2	64	73	79	76	2	83	63	59	76	77	11	2	69	63	63	74	2	78	66	63	2	73	67	70	13	2	2	48	73	2	72	73	81	2	38	48	38	48	2	66	59	77	2	78	66	63	2	73	67	70	13	2	2	30	72	62	2	78	66	63
100
63	2	77	78	79	64	64	2	78	66	59	78	2	38	48	38	48	2	62	73	63	77	72	8	78	2	66	59	80	63	11	2	38	76	59	72	2	67	77	2	65	73	67	72	65	2	78	73	2	78	59	69	63	13	2	2	48	73	2	81	63	2	65	63	78	2	72	73	78	66	67	72	65	13	2	2	52	63	2	66	59	80	63	2	5	17	2	78	76	67	70	70	67	73	72	2	59	72	62	2
100
2	77	78	79	64	64	2	78	66	59	78	2	38	48	38	48	2	62	73	63	77	72	8	78	2	66	59	80	63	11	2	38	76	59	72	2	67	77	2	65	73	67	72	65	2	78	73	2	78	59	69	63	13	2	2	48	73	2	81	63	2	65	63	78	2	72	73	78	66	67	72	65	13	2	2	52	63	2	66	59	80	63	2	5	17	2	78	76	67	70	70	67	73	72	2	59	72	62	2	81
100
81	63	2	66	59	80	63	2	78	66	73	79	77	59	72	62	77	2	73	64	2	70	67	80	63	77	2	70	73	77	78	11	2	78	66	73	79	77	59	72	62	77	11	2	59	72	62	2	81	63	2	66	59	80	63	11	2	81	66	59	78	2	62	73	2	81	63	2	66	59	80	63	13	2	2	38	2	71	63	59	72	2	38	2	81	59	70	69	2	62	73	81	72	2	78	66	63	2	77	78
100
63	2	66	59	80	63	2	78	66	73	79	77	59	72	62	77	2	73	64	2	70	67	80	63	77	2	70	73	77	78	11	2	78	66	73	79	77	59	72	62	77	11	2	59	72	62	2	81	63	2	66	59	80	63	11	2	81	66	59	78	2	62	73	2	81	63	2	66	59	80	63	13	2	2	38	2	71	63	59	72	2	38	2	81	59	70	69	2	62	73	81	72	2	78	66	63	2	77	78	76
100
76	63	63	78	77	2	73	64	2	43	63	81	2	54	73	76	69	2	59	72	62	2	38	2	77	63	63	2	77	73	2	71	59	72	83	2	81	73	79	72	62	63	62	2	81	59	76	76	67	73	76	77	11	2	67	72	61	76	63	62	67	60	70	63	2	74	63	73	74	70	63	13	2	2	30	72	62	2	81	63	2	66	59	80	63	2	78	73	2	66	63	70	74	2	78	66	73	77	63	2
100
63	63	78	77	2	73	64	2	43	63	81	2	54	73	76	69	2	59	72	62	2	38	2	77	63	63	2	77	73	2	71	59	72	83	2	81	73	79	72	62	63	62	2	81	59	76	76	67	73	76	77	11	2	67	72	61	76	63	62	67	60	70	63	2	74	63	73	74	70	63	13	2	2	30	72	62	2	81	63	2	66	59	80	63	2	78	73	2	66	63	70	74	2	78	66	73	77	63	2	74
100
74	63	73	74	70	63	11	2	81	63	2	66	59	80	63	2	78	73	2	66	63	70	74	2	73	79	76	2	80	63	78	77	11	2	81	63	2	66	59	80	63	2	78	73	2	66	63	70	74	2	73	79	76	2	71	67	70	67	78	59	76	83	11	2	81	63	2	66	59	80	63	2	78	73	2	60	79	67	70	62	2	73	79	76	2	71	67	70	67	78	59	76	83	13	2	2	31	79	78	11
100
63	73	74	70	63	11	2	81	63	2	66	59	80	63	2	78	73	2	66	63	70	74	2	73	79	76	2	80	63	78	77	11	2	81	63	2	66	59	80	63	2	78	73	2	66	63	70	74	2	73	79	76	2	71	67	70	67	78	59	76	83	11	2	81	63	2	66	59	80	63	2	78	73	2	60	79	67	70	62	2	73	79	76	2	71	67	70	67	78	59	76	83	13	2	2	31	79	78	11	2
100
2	59	72	62	2	81	63	2	66	59	80	63	2	78	73	2	62	73	2	67	78	2	64	59	77	78	26	2	81	63	2	66	59	80	63	2	78	73	2	62	73	2	67	78	2	64	59	77	78	13	2	2	52	63	2	66	59	80	63	2	67	72	61	73	71	74	63	78	63	72	78	2	74	63	73	74	70	63	13	2	2	49	66	63	83	2	74	79	78	2	74	63	73	74	70	63	2	67	72	2
100
59	72	62	2	81	63	2	66	59	80	63	2	78	73	2	62	73	2	67	78	2	64	59	77	78	26	2	81	63	2	66	59	80	63	2	78	73	2	62	73	2	67	78	2	64	59	77	78	13	2	2	52	63	2	66	59	80	63	2	67	72	61	73	71	74	63	78	63	72	78	2	74	63	73	74	70	63	13	2	2	49	66	63	83	2	74	79	78	2	74	63	73	74	70	63	2	67	72	2	61
100
61	66	59	76	65	63	2	78	66	59	78	2	66	59	80	63	2	72	73	2	61	70	79	63	2	81	66	59	78	2	78	66	63	83	8	76	63	2	62	73	67	72	65	13	2	2	38	78	2	72	63	63	62	77	2	71	73	72	63	83	13	1	0	52	63	2	66	59	80	63	2	78	73	2	71	59	69	63	2	73	79	76	2	61	73	79	72	78	76	83	2	76	67	61	66	2	59	65	59	67
100
66	59	76	65	63	2	78	66	59	78	2	66	59	80	63	2	72	73	2	61	70	79	63	2	81	66	59	78	2	78	66	63	83	8	76	63	2	62	73	67	72	65	13	2	2	38	78	2	72	63	63	62	77	2	71	73	72	63	83	13	1	0	52	63	2	66	59	80	63	2	78	73	2	71	59	69	63	2	73	79	76	2	61	73	79	72	78	76	83	2	76	67	61	66	2	59	65	59	67	72
100
72	2	77	73	2	81	63	2	62	73	2	78	66	59	78	11	2	77	73	2	81	63	2	61	59	72	2	77	59	80	63	2	48	73	61	67	59	70	2	48	63	61	79	76	67	78	83	13	2	2	8	32	59	79	77	63	2	38	8	71	2	72	73	78	2	59	2	61	79	78	78	63	76	26	2	38	8	70	70	2	74	76	73	60	59	60	70	83	2	60	63	2	78	66	63	2	73	72	70	83
100
2	77	73	2	81	63	2	62	73	2	78	66	59	78	11	2	77	73	2	81	63	2	61	59	72	2	77	59	80	63	2	48	73	61	67	59	70	2	48	63	61	79	76	67	78	83	13	2	2	8	32	59	79	77	63	2	38	8	71	2	72	73	78	2	59	2	61	79	78	78	63	76	26	2	38	8	70	70	2	74	76	73	60	59	60	70	83	2	60	63	2	78	66	63	2	73	72	70	83	2
100
2	47	63	74	79	60	70	67	61	59	72	2	78	66	59	78	2	62	73	63	77	2	72	73	78	2	81	59	72	78	2	78	73	2	61	79	78	2	48	73	61	67	59	70	2	48	63	61	79	76	67	78	83	13	2	2	38	8	71	2	72	73	78	2	59	2	61	79	78	78	63	76	2	73	64	2	48	73	61	67	59	70	2	48	63	61	79	76	67	78	83	26	2	38	2	81	59	72	78	2
100
47	63	74	79	60	70	67	61	59	72	2	78	66	59	78	2	62	73	63	77	2	72	73	78	2	81	59	72	78	2	78	73	2	61	79	78	2	48	73	61	67	59	70	2	48	63	61	79	76	67	78	83	13	2	2	38	8	71	2	72	73	78	2	59	2	61	79	78	78	63	76	2	73	64	2	48	73	61	67	59	70	2	48	63	61	79	76	67	78	83	26	2	38	2	81	59	72	78	2	78
100
78	73	2	71	59	69	63	2	78	66	63	2	61	73	79	72	78	76	83	2	76	67	61	66	2	77	73	2	78	66	59	78	2	48	73	61	67	59	70	2	48	63	61	79	76	67	78	83	2	61	59	72	2	60	63	2	59	64	64	73	76	62	63	62	11	2	59	72	62	2	42	63	62	67	61	59	76	63	2	59	72	62	2	42	63	62	67	61	59	67	62	13	2	2	36	63	78	2	76	67
100
73	2	71	59	69	63	2	78	66	63	2	61	73	79	72	78	76	83	2	76	67	61	66	2	77	73	2	78	66	59	78	2	48	73	61	67	59	70	2	48	63	61	79	76	67	78	83	2	61	59	72	2	60	63	2	59	64	64	73	76	62	63	62	11	2	59	72	62	2	42	63	62	67	61	59	76	63	2	59	72	62	2	42	63	62	67	61	59	67	62	13	2	2	36	63	78	2	76	67	62
100
62	2	73	64	2	78	66	63	2	81	59	77	78	63	11	2	65	63	78	2	76	67	62	2	73	64	2	78	66	63	2	64	76	59	79	62	11	2	60	79	78	2	83	73	79	2	62	63	77	63	76	80	63	2	83	73	79	76	2	48	73	61	67	59	70	2	48	63	61	79	76	67	78	83	26	2	83	73	79	8	80	63	2	60	63	63	72	2	74	59	83	67	72	65	2	83	73	79	76	2
100
2	73	64	2	78	66	63	2	81	59	77	78	63	11	2	65	63	78	2	76	67	62	2	73	64	2	78	66	63	2	64	76	59	79	62	11	2	60	79	78	2	83	73	79	2	62	63	77	63	76	80	63	2	83	73	79	76	2	48	73	61	67	59	70	2	48	63	61	79	76	67	78	83	26	2	83	73	79	8	80	63	2	60	63	63	72	2	74	59	83	67	72	65	2	83	73	79	76	2	48
100
48	63	61	79	76	67	78	83	13	2	2	30	72	62	2	70	67	69	63	11	2	38	2	70	67	69	63	2	32	73	72	65	76	63	77	77	71	59	72	2	47	83	59	72	11	2	38	2	70	67	69	63	2	59	2	70	73	78	2	73	64	2	78	66	63	2	74	63	73	74	70	63	2	78	66	59	78	2	59	76	63	2	78	59	70	69	67	72	65	2	59	60	73	79	78	2	83	73	79	2
100
63	61	79	76	67	78	83	13	2	2	30	72	62	2	70	67	69	63	11	2	38	2	70	67	69	63	2	32	73	72	65	76	63	77	77	71	59	72	2	47	83	59	72	11	2	38	2	70	67	69	63	2	59	2	70	73	78	2	73	64	2	78	66	63	2	74	63	73	74	70	63	2	78	66	59	78	2	59	76	63	2	78	59	70	69	67	72	65	2	59	60	73	79	78	2	83	73	79	2	69
100
69	72	73	81	2	61	79	78	78	67	72	65	2	48	73	61	67	59	70	2	48	63	61	79	76	67	78	83	11	2	59	72	62	2	60	83	2	78	66	63	2	81	59	83	2	78	66	63	2	33	63	71	73	61	76	59	78	77	2	59	76	63	2	63	59	78	67	72	65	2	83	73	79	76	2	70	79	72	61	66	2	73	72	2	78	66	67	77	2	67	77	77	79	63	13	2	2	38	78	8
100
72	73	81	2	61	79	78	78	67	72	65	2	48	73	61	67	59	70	2	48	63	61	79	76	67	78	83	11	2	59	72	62	2	60	83	2	78	66	63	2	81	59	83	2	78	66	63	2	33	63	71	73	61	76	59	78	77	2	59	76	63	2	63	59	78	67	72	65	2	83	73	79	76	2	70	79	72	61	66	2	73	72	2	78	66	67	77	2	67	77	77	79	63	13	2	2	38	78	8	77
100
77	2	59	72	2	67	77	77	79	63	2	78	66	59	78	2	83	73	79	8	76	63	2	72	73	78	2	65	73	67	72	65	2	78	73	2	81	67	72	26	2	83	73	79	8	80	63	2	65	73	78	2	78	73	2	71	59	69	63	2	78	66	63	2	61	73	79	72	78	76	83	2	76	67	61	66	2	59	65	59	67	72	2	59	72	62	2	77	78	76	73	72	65	2	59	65	59	67	72	2
100
2	59	72	2	67	77	77	79	63	2	78	66	59	78	2	83	73	79	8	76	63	2	72	73	78	2	65	73	67	72	65	2	78	73	2	81	67	72	26	2	83	73	79	8	80	63	2	65	73	78	2	78	73	2	71	59	69	63	2	78	66	63	2	61	73	79	72	78	76	83	2	76	67	61	66	2	59	65	59	67	72	2	59	72	62	2	77	78	76	73	72	65	2	59	65	59	67	72	2	77
100
77	73	2	78	66	59	78	2	83	73	79	2	61	59	72	2	59	64	64	73	76	62	2	67	78	11	2	59	72	62	2	77	73	2	83	73	79	2	61	59	72	2	59	64	64	73	76	62	2	71	67	70	67	78	59	76	83	11	2	59	72	62	2	59	70	70	2	73	64	2	78	66	63	2	73	78	66	63	76	2	78	66	67	72	65	77	13	1	0	43	73	81	11	2	81	63	2	66	59	80
100
73	2	78	66	59	78	2	83	73	79	2	61	59	72	2	59	64	64	73	76	62	2	67	78	11	2	59	72	62	2	77	73	2	83	73	79	2	61	59	72	2	59	64	64	73	76	62	2	71	67	70	67	78	59	76	83	11	2	59	72	62	2	59	70	70	2	73	64	2	78	66	63	2	73	78	66	63	76	2	78	66	67	72	65	77	13	1	0	43	73	81	11	2	81	63	2	66	59	80	63
100
63	2	59	2	65	59	71	63	2	61	66	59	72	65	63	76	2	72	73	81	11	2	59	72	62	2	78	66	63	2	65	59	71	63	2	61	66	59	72	65	63	76	2	67	77	2	72	79	61	70	63	59	76	2	81	63	59	74	73	72	77	13	2	2	52	63	2	76	63	59	70	70	83	2	62	73	2	66	59	80	63	2	78	73	2	65	63	78	2	77	78	76	73	72	65	11	2	59	72	62
100
2	59	2	65	59	71	63	2	61	66	59	72	65	63	76	2	72	73	81	11	2	59	72	62	2	78	66	63	2	65	59	71	63	2	61	66	59	72	65	63	76	2	67	77	2	72	79	61	70	63	59	76	2	81	63	59	74	73	72	77	13	2	2	52	63	2	76	63	59	70	70	83	2	62	73	2	66	59	80	63	2	78	73	2	65	63	78	2	77	78	76	73	72	65	11	2	59	72	62	2
