  515.526753
  524.001486
  511.069009
  498.116223
  485.929233
  504.205082
  521.121504
  511.941853
  499.570246
  499.436298
  482.186925
  497.765242
  504.219989
  497.348237
  498.467913
  503.671039
  501.269707
  491.392006
  525.798782
  507.043475
  504.978750
  514.977435
  492.714528
  493.169134
  505.687098
  504.073103
  503.825670
  501.987511
  516.329978
  489.442933
  502.141850
  512.311659
  509.573033
  498.021167
  503.632359
  501.216511
  521.995624
  516.124735
  509.663413
  516.242855
  502.529404
  491.061267
  484.181655
  510.150455
  508.527229
  503.855711
  501.947796
  510.078520
  507.338957
  506.132654
  507.708015
  518.529995
  501.055972
  505.922799
  519.395704
  510.457549
  504.816313
  497.503470
  512.360114
  508.725785
  500.519404
  506.104328
  502.107860
  498.165545
  509.114499
  505.932033
  490.178157
  509.090587
  512.312374
  509.213041
  535.345031
  499.378389
  507.590361
  506.034824
  505.734021
  515.452627
  517.804358
  500.086159
  507.050797
  502.902048
  502.952475
  493.811768
  483.709055
  522.306782
  503.700690
  504.701000
  506.897111
  491.393577
  491.314851
  496.537072
  501.728518
  504.189730
  503.639747
  508.612590
  509.003195
  480.277861
  508.760839
  502.812662
  490.862647
  492.007190
  497.388567
  498.038754
  495.300865
  506.083574
  506.137944
  490.117713
  506.553878
  496.582123
  507.321198
  490.680809
  522.371368
  498.834991
  508.568374
  511.009340
  509.523058
  507.778162
  502.859453
  495.297655
  503.703247
  496.967996
  480.486962
  494.503868
  510.452570
  485.863218
  501.882605
  492.351842
  500.362787
  490.283238
  512.728240
  501.934837
  503.951915
  498.677405
  511.086822
  494.520069
  510.121372
  497.222396
  490.563591
  525.118587
  494.089443
  513.191680
  496.223217
  501.360054
  519.381041
  490.892320
  504.729377
  528.793979
  496.814913
  499.793892
  504.487647
  504.081016
  498.410582
  505.493797
  504.282652
  497.110444
  478.046626
  497.403179
  489.966226
  486.849825
  513.964364
  505.125539
  478.784726
  487.873451
  484.167844
  508.040160
  492.177908
  508.349825
  505.307680
  489.096160
  484.532306
  498.223868
  497.880921
  494.244309
  494.632360
  492.206903
  477.204074
  491.793842
  490.719354
  479.950760
  506.514349
  510.508677
  501.571010
  500.529449
  490.141017
  500.346583
  496.036818
  506.127145
  492.721367
  508.056510
  484.246068
  486.150656
  497.578215
  499.703649
  491.972110
  487.266979
  506.925414
  504.265944
  488.935119
  500.400192
  497.576309
  510.419418
  489.020205
  505.182907
  498.251417
  502.475714
  505.474162
  495.906468
  514.020094
  517.873444
  501.422469
  501.460753
  507.736975
  493.274063
  506.669394
  510.376906
  487.786313
  528.435067
  480.156071
  505.536633
  522.771861
  522.726867
  504.889030
  503.578057
  526.089055
  512.805514
  509.954447
  501.374910
  501.736118
  512.214446
  506.715558
  494.548266
  506.402876
  493.682080
  512.136875
  496.932549
  508.553071
  517.709959
  509.501670
  488.750778
  516.322248
  498.347070
  521.515224
  521.406382
  498.183643
  493.718193
  494.906526
  508.415265
  507.617445
  487.299687
  514.650337
  493.033752
  498.336918
  512.985725
  496.599433
  501.756615
  497.003022
  503.770924
  485.622647
  492.437474
  482.296914
  499.370563
  507.075721
  500.876751
  499.745184
  490.902377
  506.878704
  503.776874
  503.085692
  490.009899
  514.362128
  523.652574
  482.888043
  505.201560
  495.765616
  497.582028
  497.421715
  494.426049
  492.878956
  510.931231
  508.864819
  493.432249
  511.686734
  481.839256
  508.651884
  500.474170
  513.666236
  493.478126
  507.421330
  498.181879
  499.801787
  507.013391
  498.140943
  512.193848
  508.310455
  498.593824
  507.764513
  496.050566
  512.614889
  501.553205
  512.738683
  496.498801
  508.016530
  492.730509
  506.928434
  506.932809
  504.994789
  502.478716
  502.969942
  503.319086
  515.316571
  507.045683
  496.258332
  496.215817
  502.067263
  520.710887
  513.938904
  503.114858
  514.171330
  507.595627
  498.460981
  512.929565
  496.048376
  498.168077
  516.116669
  478.078286
  498.580356
  500.209984
  523.747671
  509.943997
  496.564749
  499.567999
  490.666140
  484.138714
  503.006748
  501.403078
  490.232676
  504.143718
  485.941786
  486.976990
  499.227150
  511.138877
  485.319166
  501.379286
  502.013862
  502.700370
  505.293977
  514.199484
  489.855182
  496.256159
  515.331296
  481.346675
  517.620818
  507.655341
  519.212367
  517.306116
  491.137920
  496.444109
  509.226490
  504.707449
  490.713281
  489.501183
  506.871293
  523.823824
  488.717663
  510.556695
  502.646469
  499.311228
  501.470880
  501.535071
  500.872509
  507.412120
  500.044582
  491.102711
  523.327808
  486.249639
  489.003097
  505.264649
  505.753543
  507.571132
  506.323951
  514.834357
  505.519803
  497.035224
  512.825939
  484.238552
  503.118438
  490.224865
  502.186916
  515.698286
  512.021286
  509.788125
  500.556777
  483.699469
  516.623386
  489.223024
  508.539559
  510.047214
  514.304873
  489.504197
  491.465994
  509.111656
  512.968335
  505.682621
  507.515621
  504.814690
  496.181616
  487.153576
  490.034672
  486.616923
  510.749996
  495.845425
  502.376050
  521.686803
  496.779360
  497.819851
  497.704755
  493.772782
  494.613833
  516.351897
  491.376508
  506.539865
  493.897596
  494.950533
  478.323614
  497.142434
  516.911525
  501.235466
  505.009945
  495.694039
  488.711896
  493.674184
  500.089519
  494.402104
  493.917400
  482.426819
  514.587451
  514.466644
  528.282996
  493.921322
  483.058575
  493.035897
  497.078591
  506.311142
  494.557039
  504.304205
  494.670680
  500.692044
  491.296867
  504.790395
  488.525051
  508.478684
  510.744744
  509.757151
  514.320863
  509.572717
  513.948745
  502.092620
  491.390942
  505.768906
  506.871569
  511.625400
  521.319235
  495.863835
  507.721420
  485.023798
  512.566960
  496.547781
  508.971460
  507.808726
  483.092602
  495.965292
  508.214130
  509.250069
  509.463674
  505.733902
  516.916959
  512.604081
  523.568766
  517.712777
  512.114558
  506.277414
  491.258658
  511.880745
  519.168405
  496.305338
  520.421499
  499.653134
  507.958405
  508.671318
  513.186720
  487.753412
  501.528201
  518.458347
  521.566019
  502.910556
  504.453788
  525.881449
  510.369440
  503.390307
  511.544921
  518.616820
  515.918719
  507.447243
  529.654596
  497.933111
  493.674144
  494.173585
  530.161259
  484.942237
  515.168025
  496.666312
  500.209170
  507.527170
  499.731042
  499.061840
  494.574704
  485.970068
  497.145024
  488.065960
  493.199851
  509.556279
  493.951861
  500.141331
  516.070981
  492.759685
  495.443045
  480.216934
  497.598882
  506.207278
  504.175967
  498.321720
  512.323056
  491.223961
  514.612495
  512.967616
  512.430363
  506.802353
  500.058129
  524.295954
  514.715192
  496.190046
  506.036904
  492.504430
  516.536776
  497.596723
  509.846734
  504.932803
  509.333124
  488.049017
  514.911938
  513.127575
  514.387263
  509.065279
  514.100135
  517.245097
  504.873774
  507.262884
  510.786717
  515.906325
  499.372235
  498.101587
  500.790699
  511.357799
  513.061900
  497.355095
  516.459068
  492.906472
  505.420130
  493.441568
  511.057779
  504.663072
  468.496208
  489.307910
  498.863282
  494.237305
  504.197865
  495.884425
  506.150627
  500.269701
  484.640470
  500.160044
  493.280224
  491.187652
  504.656812
  491.695715
  494.344017
  476.275155
  512.982931
  496.517082
  499.938499
  510.784174
  512.501040
  495.348656
  500.403627
  514.269063
  517.597582
  504.698263
  497.249720
  508.910333
  515.836355
  501.916437
  511.870188
  511.674776
  518.077627
  514.981254
  507.002562
  505.184549
  485.545440
  502.890026
  503.242612
  499.932332
  505.402745
  498.690883
  500.811171
  489.495421
  502.999410
  514.449109
  495.117904
  513.602611
  502.124335
  485.810158
  494.599294
  506.092772
  489.960562
  483.533689
  486.729101
  508.639188
  512.839482
  494.023684
  503.994388
  517.131206
  495.246083
  517.929438
  503.654401
  501.850215
  500.551030
  482.617433
  494.563881
  492.947086
  496.801464
  495.796626
  503.380076
  493.166483
  491.754945
  469.812839
  496.314586
  512.874927
  512.408761
  513.640158
  500.676633
  503.008419
  508.459288
  510.659288
  502.625320
  490.348762
  502.179118
  501.162952
  504.329469
  492.478530
  497.599386
  492.842091
  491.305181
  498.242297
  485.367698
  514.508461
  506.702901
  505.070525
  514.664033
  507.213364
  478.800952
  503.968374
  511.704357
  480.787687
  491.016373
  486.344763
  516.512591
  521.589639
  477.464335
  531.275756
  509.526386
  504.011954
  498.383125
  484.862375
  512.371735
  497.121407
  498.060798
  521.540682
  494.618935
  507.882582
  500.605637
  527.714779
  499.896721
  498.115287
  504.970910
  516.657489
  500.206174
  505.583862
  514.692242
  498.923495
  493.668727
  505.560451
  498.525904
  498.789176
  514.638819
  497.787840
  512.292156
  495.857056
  501.058953
  519.992941
  513.076690
  508.147573
  494.866044
  492.997400
  487.519774
  517.754226
  495.396732
  485.757766
  505.722119
  503.968922
  514.751377
  498.799201
  513.451837
  513.787597
  512.710054
  518.880275
  504.005643
  527.141533
  503.756239
  497.280819
  510.523954
  503.952896
  499.739741
  515.008454
  502.606851
  499.301526
  504.071227
  516.859170
  482.084571
  514.275088
  491.156314
  514.415038
  530.792053
  512.911403
  498.147451
  510.505681
  508.346859
  501.525421
  506.727049
  505.972163
  508.875585
  500.825970
  510.071569
  511.695888
  508.195392
  496.592252
  499.075968
  511.818128
  498.778045
  452.043847
  505.780711
  502.158197
  512.589545
  503.745325
  513.902022
  509.507052
  526.371535
  502.530713
  503.162353
  501.159248
  525.786943
  515.187240
  501.165623
  496.507445
  515.708754
  501.262675
  499.344606
  500.414621
  503.636636
  497.391936
  500.929838
  508.340776
  515.010157
  489.981481
  499.983004
  507.375766
  495.396498
  496.826774
  501.267566
  499.338763
  510.099629
  488.007406
  513.406625
  507.130414
  498.940012
  493.029036
  506.628369
  500.922096
  505.203133
  524.893658
  505.554198
  497.804579
  507.166070
  500.967054
  506.029240
  502.855777
  511.427700
  506.173141
  496.612457
  502.687520
  489.692683
  511.044473
  506.074847
  489.763327
  506.294549
  491.686873
  513.139981
  504.631585
  498.587483
  509.874037
  513.574223
  496.653293
  501.100948
  492.795704
  492.528569
  516.078749
  506.468883
  520.518411
  497.993884
  494.073619
  522.658789
  516.680477
  516.964138
  509.445432
  522.512651
  490.396568
  510.162012
  490.869739
  504.748346
  506.399994
  505.691765
  499.074560
  502.020160
  489.121667
  513.287827
  522.548618
  505.321905
  506.832493
  505.818725
  515.314718
  493.259323
  515.132749
  488.155550
  515.191938
  510.493930
  498.296931
  520.649170
  505.030402
  510.553537
  508.796900
  482.583453
  519.464678
  498.255237
  503.482800
  512.899902
  480.363237
  497.328436
  509.000796
  491.234202
  525.606224
  530.220360
  516.136371
  504.591871
  501.287144
  492.730677
  490.150044
  501.872796
  492.368985
  505.065750
  501.661523
  507.234798
  515.457503
  515.126088
  501.990881
  484.416818
  509.867088
  489.515776
  498.401157
  485.017864
  502.839334
  513.909742
  506.133369
  500.621706
  515.145773
  493.704685
  496.121835
  499.211895
  496.169407
  485.125035
  502.623819
  510.782323
  497.456374
  500.265860
  513.087870
  514.756372
  490.555019
  497.703740
  502.399666
  495.629116
  511.701754
  502.844654
  495.879658
  490.149997
  512.382261
  511.119373
  505.561773
  514.073420
  501.726054
  498.749991
  500.443184
  505.529849
  514.259888
  500.934115
  491.676842
  514.652634
  494.323538
  505.782252
  504.122428
  490.997777
  506.436980
  510.228883
  511.805957
  505.780668
  488.384809
  508.451885
  502.908098
  498.008531
  495.597897
  517.532671
  507.348648
  495.016472
  502.407424
  491.743619
  498.229381
  501.769054
  509.962433
  502.365958
  511.773992
  508.486240
  490.827657
  483.042751
  492.490090
  505.935087
  491.089804
  502.100591
  505.875669
  512.712480
  484.118245
  503.722747
  503.810966
  519.700535
  506.393403
  503.458210
  503.615876
  503.987261
  512.750960
  496.259284
  507.785276
  496.194981
  492.138161
  502.522262
  494.381289
  501.408021
  509.375677
  495.718173
  508.310175
  502.382647
  507.720174
  513.974558
  501.035254
  495.144983
  500.453305
  511.502334
  513.833124
  518.070381
  505.861209
  508.286233
  506.213613
  509.833331
  493.748851
  504.893702
  510.299703
  500.751495
  502.689208
  505.825055
  483.355913
  507.030972
  495.312043
  513.069113
  497.014753
  494.565372
  506.096639
