10
100 1
0.000000	0.000000	0.000000	0.000000	0.000000	0.000000	0.000000	1.000000	0.953274	0.000000	0.398733	0.000000	0.000000	0.000000	0.000000	0.000000	0.000000	0.000000	0.000000	0.000000	0.000000	0.000000	0.000000	0.000000	0.000000	0.000000	0.000000	0.000000	0.000000	0.000000	0.000000	0.000000	0.000000	0.143018	0.000000	0.000000	0.000000	0.000000	0.000000	0.000000	0.000000	0.000000	0.000000	0.000000	0.000000	0.000000	0.000000	0.000000	0.000000	0.000000	0.000000	0.000000	0.000000	0.000000	0.000000	0.000000	0.000000	0.000000	0.000000	0.000000	0.000000	0.000000	0.000000	0.000000	0.000000	0.000000	0.000000	0.000000	0.000000	0.000000	0.000000	0.000000	0.000000	0.000000	0.000000	0.000000	0.000000	0.000000	0.000000	0.000000	0.000000	0.000000	0.000000	0.000000	0.000000	0.000000	0.000000	0.000000	0.000000	0.000000	0.000000	0.000000	0.515213	0.000000	0.000000	0.000000	0.000000	0.000000	0.000000	0.000000	
100 1
0.814167	0.815076	0.815076	0.815076	0.815076	0.815076	0.815076	0.815202	0.815197	0.815076	0.815137	0.815076	0.815076	0.815076	0.815076	0.815076	0.815076	0.815076	0.815076	0.815076	0.815076	0.815076	0.815076	0.815076	0.815076	0.815076	0.815076	0.815076	0.815076	0.815076	0.815076	0.815076	0.815076	0.815100	0.815076	0.815076	0.815076	0.815076	0.815076	0.815076	0.815076	0.815076	0.815076	0.815076	0.815076	0.815076	0.815076	0.815076	0.815076	0.815076	0.815076	0.815076	0.815076	0.815076	0.815076	0.815076	0.815076	0.815076	0.815076	0.815076	0.815076	0.815076	0.815076	0.815076	0.815076	0.815076	0.815076	0.815076	0.815076	0.815076	0.815076	0.815076	0.815076	0.815076	0.815076	0.815076	0.815076	0.815076	0.815076	0.815076	0.815076	0.815076	0.815076	0.815076	0.815076	0.815076	0.815076	0.815076	0.815076	0.815076	0.815076	0.815076	0.815151	0.815076	0.815076	0.815076	0.815076	0.815076	0.815076	0.815076	
100 1
0.000000	0.000000	0.000000	0.000000	0.000000	0.000000	0.027555	0.000000	0.187252	0.000000	0.066118	0.103507	0.075717	0.000000	0.170823	0.539828	0.000000	0.037706	1.000000	0.000000	0.186186	0.230512	0.000000	0.000000	0.189388	0.000000	0.000000	0.317078	0.000000	0.000000	0.031461	0.000000	0.000000	0.000000	0.308135	0.355544	0.000000	0.000000	0.000000	0.000000	0.055644	0.000000	0.000000	0.190200	0.540790	0.000000	0.265764	0.213826	0.000000	0.000000	0.000000	0.000000	0.173350	0.000000	0.000000	0.101841	0.000000	0.000000	0.000000	0.000000	0.049081	0.446198	0.073977	0.000000	0.141825	0.000000	0.000000	0.000000	0.439510	0.132579	0.191925	0.000000	0.000000	0.000000	0.000000	0.000000	0.000000	0.000000	0.345344	0.000000	0.000000	0.000000	0.000000	0.084883	0.050682	0.006787	0.000000	0.000000	0.000000	0.000000	0.000000	0.000000	0.000000	0.000000	0.327497	0.000000	0.000000	0.000000	0.000000	0.186714	
100 1
0.814167	0.815076	0.815076	0.815076	0.815076	0.815076	0.815081	0.815076	0.815107	0.815076	0.815087	0.815094	0.815089	0.815076	0.815104	0.815154	0.815076	0.815083	0.815202	0.815076	0.815107	0.815113	0.815076	0.815076	0.815107	0.815076	0.815076	0.815126	0.815076	0.815076	0.815082	0.815076	0.815076	0.815076	0.815124	0.815131	0.815076	0.815076	0.815076	0.815076	0.815086	0.815076	0.815076	0.815107	0.815154	0.815076	0.815118	0.815111	0.815076	0.815076	0.815076	0.815076	0.815105	0.815076	0.815076	0.815093	0.815076	0.815076	0.815076	0.815076	0.815085	0.815143	0.815089	0.815076	0.815100	0.815076	0.815076	0.815076	0.815142	0.815098	0.815107	0.815076	0.815076	0.815076	0.815076	0.815076	0.815076	0.815076	0.815129	0.815076	0.815076	0.815076	0.815076	0.815091	0.815085	0.815077	0.815076	0.815076	0.815076	0.815076	0.815076	0.815076	0.815076	0.815076	0.815127	0.815076	0.815076	0.815076	0.815076	0.815107	
100 1
0.000000	0.000000	0.000000	0.000000	0.000000	0.000000	0.000000	0.000000	0.000000	0.000000	0.000000	0.000000	0.000000	0.000000	0.000000	0.000000	0.000000	0.000000	0.000000	0.000000	0.000000	0.000000	0.000000	0.000000	0.000000	0.000000	0.000000	0.000000	0.000000	0.000000	0.000000	0.000000	0.000000	0.000000	1.000000	0.000000	0.000000	0.000000	0.000000	0.000000	0.000000	0.000000	0.000000	0.000000	0.000000	0.000000	0.000000	0.000000	0.000000	0.000000	0.000000	0.000000	0.000000	0.000000	0.000000	0.000000	0.000000	0.000000	0.000000	0.000000	0.000000	0.000000	0.000000	0.000000	0.000000	0.000000	0.000000	0.000000	0.000000	0.000000	0.000000	0.000000	0.000000	0.000000	0.000000	0.000000	0.000000	0.000000	0.000000	0.000000	0.000000	0.000000	0.000000	0.000000	0.000000	0.000000	0.000000	0.000000	0.000000	0.000000	0.000000	0.000000	0.000000	0.000000	0.000000	0.000000	0.000000	0.000000	0.000000	0.000000	
100 1
0.814167	0.815076	0.815076	0.815076	0.815076	0.815076	0.815076	0.815076	0.815076	0.815076	0.815076	0.815076	0.815076	0.815076	0.815076	0.815076	0.815076	0.815076	0.815076	0.815076	0.815076	0.815076	0.815076	0.815076	0.815076	0.815076	0.815076	0.815076	0.815076	0.815076	0.815076	0.815076	0.815076	0.815076	0.815202	0.815076	0.815076	0.815076	0.815076	0.815076	0.815076	0.815076	0.815076	0.815076	0.815076	0.815076	0.815076	0.815076	0.815076	0.815076	0.815076	0.815076	0.815076	0.815076	0.815076	0.815076	0.815076	0.815076	0.815076	0.815076	0.815076	0.815076	0.815076	0.815076	0.815076	0.815076	0.815076	0.815076	0.815076	0.815076	0.815076	0.815076	0.815076	0.815076	0.815076	0.815076	0.815076	0.815076	0.815076	0.815076	0.815076	0.815076	0.815076	0.815076	0.815076	0.815076	0.815076	0.815076	0.815076	0.815076	0.815076	0.815076	0.815076	0.815076	0.815076	0.815076	0.815076	0.815076	0.815076	0.815076	
100 1
0.000000	0.000000	0.000000	0.000000	0.000000	0.000000	0.000000	0.000000	0.000000	0.000000	0.000000	0.000000	0.000000	0.000000	0.000000	0.000000	0.000000	0.000000	0.000000	0.000000	0.000000	0.000000	0.000000	0.000000	0.000000	0.000000	0.000000	0.000000	0.000000	0.000000	0.000000	0.000000	0.000000	0.000000	1.000000	0.000000	0.000000	0.000000	0.000000	0.000000	0.000000	0.000000	0.000000	0.000000	0.000000	0.000000	0.000000	0.000000	0.000000	0.000000	0.000000	0.000000	0.000000	0.000000	0.000000	0.000000	0.000000	0.000000	0.000000	0.000000	0.000000	0.000000	0.000000	0.000000	0.000000	0.000000	0.000000	0.000000	0.000000	0.000000	0.000000	0.000000	0.000000	0.000000	0.000000	0.000000	0.000000	0.000000	0.000000	0.000000	0.000000	0.000000	0.000000	0.000000	0.000000	0.000000	0.000000	0.000000	0.000000	0.000000	0.000000	0.000000	0.000000	0.000000	0.000000	0.000000	0.000000	0.000000	0.000000	0.000000	
100 1
0.814167	0.815076	0.815076	0.815076	0.815076	0.815076	0.815076	0.815076	0.815076	0.815076	0.815076	0.815076	0.815076	0.815076	0.815076	0.815076	0.815076	0.815076	0.815076	0.815076	0.815076	0.815076	0.815076	0.815076	0.815076	0.815076	0.815076	0.815076	0.815076	0.815076	0.815076	0.815076	0.815076	0.815076	0.815202	0.815076	0.815076	0.815076	0.815076	0.815076	0.815076	0.815076	0.815076	0.815076	0.815076	0.815076	0.815076	0.815076	0.815076	0.815076	0.815076	0.815076	0.815076	0.815076	0.815076	0.815076	0.815076	0.815076	0.815076	0.815076	0.815076	0.815076	0.815076	0.815076	0.815076	0.815076	0.815076	0.815076	0.815076	0.815076	0.815076	0.815076	0.815076	0.815076	0.815076	0.815076	0.815076	0.815076	0.815076	0.815076	0.815076	0.815076	0.815076	0.815076	0.815076	0.815076	0.815076	0.815076	0.815076	0.815076	0.815076	0.815076	0.815076	0.815076	0.815076	0.815076	0.815076	0.815076	0.815076	0.815076	
100 1
0.000000	0.044860	0.000000	0.516083	0.000000	0.123389	0.000000	0.000000	0.677328	0.000000	0.000000	0.000000	0.000000	0.000000	0.188951	0.000000	0.000000	0.000000	0.000000	0.000000	0.000000	0.771924	0.000000	0.083023	0.000000	0.000000	0.000000	0.000000	0.000000	0.520380	0.712491	0.081206	0.000000	0.436159	0.000000	0.000000	0.000000	0.111517	0.000000	0.000000	0.297183	0.000000	0.183004	0.000000	0.000000	0.000000	0.803600	0.175488	0.000000	0.000000	0.073283	0.000000	0.000000	0.016498	0.022538	0.000000	0.400781	0.042784	0.000000	1.000000	0.000000	0.000000	0.000000	0.000000	0.000000	0.000000	0.000000	0.000000	0.000000	0.000000	0.000000	0.111612	0.000000	0.000000	0.000000	0.000000	0.000000	0.000000	0.000000	0.684628	0.000000	0.000000	0.000000	0.000000	0.000000	0.000000	0.000000	0.000000	0.000000	0.453356	0.000000	0.000000	0.333939	0.000000	0.000000	0.000000	0.000000	0.000000	0.000000	0.000000	
100 1
0.814167	0.815084	0.815076	0.815151	0.815076	0.815097	0.815076	0.815076	0.815170	0.815076	0.815076	0.815076	0.815076	0.815076	0.815107	0.815076	0.815076	0.815076	0.815076	0.815076	0.815076	0.815180	0.815076	0.815090	0.815076	0.815076	0.815076	0.815076	0.815076	0.815152	0.815174	0.815090	0.815076	0.815142	0.815076	0.815076	0.815076	0.815095	0.815076	0.815076	0.815123	0.815076	0.815106	0.815076	0.815076	0.815076	0.815183	0.815105	0.815076	0.815076	0.815089	0.815076	0.815076	0.815079	0.815080	0.815076	0.815137	0.815084	0.815076	0.815202	0.815076	0.815076	0.815076	0.815076	0.815076	0.815076	0.815076	0.815076	0.815076	0.815076	0.815076	0.815095	0.815076	0.815076	0.815076	0.815076	0.815076	0.815076	0.815076	0.815171	0.815076	0.815076	0.815076	0.815076	0.815076	0.815076	0.815076	0.815076	0.815076	0.815144	0.815076	0.815076	0.815128	0.815076	0.815076	0.815076	0.815076	0.815076	0.815076	0.815076	
100 1
0.000000	0.043652	0.000000	0.000000	0.000000	0.000000	0.000000	0.000000	0.000000	0.000000	0.000000	0.000000	0.000000	0.000000	0.000000	1.000000	0.000000	0.000000	0.000000	0.000000	0.400266	0.000000	0.000000	0.000000	0.000000	0.000000	0.000000	0.000000	0.000000	0.000000	0.000000	0.000000	0.000000	0.000000	0.000000	0.000000	0.000000	0.000000	0.000000	0.000000	0.000000	0.000000	0.000000	0.000000	0.000000	0.000000	0.000000	0.000000	0.000000	0.000000	0.000000	0.000000	0.000000	0.000000	0.000000	0.000000	0.000000	0.000000	0.000000	0.000000	0.000000	0.000000	0.000000	0.000000	0.000000	0.000000	0.000000	0.000000	0.000000	0.000000	0.626565	0.000000	0.000000	0.000000	0.000000	0.000000	0.000000	0.000000	0.000000	0.000000	0.000000	0.000000	0.000000	0.000000	0.000000	0.000000	0.000000	0.000000	0.000000	0.000000	0.000000	0.000000	0.000000	0.000000	0.000000	0.000000	0.000000	0.000000	0.000000	0.000000	
100 1
0.814167	0.815084	0.815076	0.815076	0.815076	0.815076	0.815076	0.815076	0.815076	0.815076	0.815076	0.815076	0.815076	0.815076	0.815076	0.815202	0.815076	0.815076	0.815076	0.815076	0.815137	0.815076	0.815076	0.815076	0.815076	0.815076	0.815076	0.815076	0.815076	0.815076	0.815076	0.815076	0.815076	0.815076	0.815076	0.815076	0.815076	0.815076	0.815076	0.815076	0.815076	0.815076	0.815076	0.815076	0.815076	0.815076	0.815076	0.815076	0.815076	0.815076	0.815076	0.815076	0.815076	0.815076	0.815076	0.815076	0.815076	0.815076	0.815076	0.815076	0.815076	0.815076	0.815076	0.815076	0.815076	0.815076	0.815076	0.815076	0.815076	0.815076	0.815164	0.815076	0.815076	0.815076	0.815076	0.815076	0.815076	0.815076	0.815076	0.815076	0.815076	0.815076	0.815076	0.815076	0.815076	0.815076	0.815076	0.815076	0.815076	0.815076	0.815076	0.815076	0.815076	0.815076	0.815076	0.815076	0.815076	0.815076	0.815076	0.815076	
100 1
0.000000	0.000000	0.000000	0.000000	0.000000	0.000000	0.000000	0.000000	0.000000	0.000000	0.000000	0.000000	0.627326	0.000000	0.000000	0.000000	0.000000	0.000000	0.000000	0.000000	0.000000	0.000000	0.000000	0.000000	0.000000	0.000000	0.000000	0.000000	0.000000	0.000000	0.095022	1.000000	0.000000	0.000000	0.000000	0.596823	0.000000	0.155474	0.000000	0.000000	0.000000	0.000000	0.000000	0.000000	0.000000	0.000000	0.452168	0.000000	0.308462	0.000000	0.000000	0.000000	0.000000	0.936187	0.192946	0.000000	0.000000	0.000000	0.000000	0.000000	0.000000	0.000000	0.000000	0.000000	0.000000	0.000000	0.000000	0.678400	0.000000	0.000000	0.000000	0.000000	0.000000	0.000000	0.000000	0.000000	0.000000	0.000000	0.000000	0.000000	0.000000	0.000000	0.000000	0.000000	0.000000	0.000000	0.000000	0.000000	0.000000	0.000000	0.000000	0.000000	0.000000	0.135999	0.000000	0.000000	0.000000	0.000000	0.000000	0.000000	
100 1
0.814167	0.815076	0.815076	0.815076	0.815076	0.815076	0.815076	0.815076	0.815076	0.815076	0.815076	0.815076	0.815165	0.815076	0.815076	0.815076	0.815076	0.815076	0.815076	0.815076	0.815076	0.815076	0.815076	0.815076	0.815076	0.815076	0.815076	0.815076	0.815076	0.815076	0.815092	0.815202	0.815076	0.815076	0.815076	0.815161	0.815076	0.815102	0.815076	0.815076	0.815076	0.815076	0.815076	0.815076	0.815076	0.815076	0.815144	0.815076	0.815124	0.815076	0.815076	0.815076	0.815076	0.815196	0.815108	0.815076	0.815076	0.815076	0.815076	0.815076	0.815076	0.815076	0.815076	0.815076	0.815076	0.815076	0.815076	0.815170	0.815076	0.815076	0.815076	0.815076	0.815076	0.815076	0.815076	0.815076	0.815076	0.815076	0.815076	0.815076	0.815076	0.815076	0.815076	0.815076	0.815076	0.815076	0.815076	0.815076	0.815076	0.815076	0.815076	0.815076	0.815076	0.815099	0.815076	0.815076	0.815076	0.815076	0.815076	0.815076	
100 1
0.524514	0.269121	0.447542	0.000000	0.005470	0.033792	0.111829	0.236890	0.076484	0.000000	0.100189	0.017489	0.094555	0.067995	0.032339	0.056735	0.025487	0.083836	0.065419	0.138330	0.207726	0.227275	0.000000	0.280071	0.056122	0.124782	0.293333	0.094633	0.732073	0.000000	0.078960	0.619276	0.129509	0.000000	0.074728	0.034679	0.580872	0.000000	0.108909	0.022568	0.245493	0.173798	0.436166	0.013869	0.000000	0.188552	0.108112	0.092711	0.171041	0.288950	0.634057	0.052647	0.092981	0.107172	0.000000	0.065725	0.113525	0.192060	0.175853	0.353878	0.000000	0.047485	0.106772	0.013744	0.039216	0.000000	0.191609	0.335966	0.000000	0.000000	0.152216	0.144988	0.040744	0.084531	0.249474	0.183326	0.039319	0.028917	0.128815	0.267632	0.032053	0.015655	0.381355	0.128424	0.182948	0.052835	0.294052	0.113663	0.103367	1.000000	0.107467	0.369124	0.101086	0.388196	0.000000	0.159016	0.061356	0.071566	0.028609	0.114245	
100 1
0.814444	0.815119	0.815143	0.815076	0.815077	0.815082	0.815095	0.815114	0.815089	0.815076	0.815093	0.815079	0.815092	0.815088	0.815082	0.815086	0.815081	0.815090	0.815087	0.815099	0.815110	0.815113	0.815076	0.815120	0.815086	0.815097	0.815122	0.815092	0.815176	0.815076	0.815090	0.815164	0.815098	0.815076	0.815089	0.815082	0.815159	0.815076	0.815094	0.815080	0.815115	0.815105	0.815142	0.815079	0.815076	0.815107	0.815094	0.815092	0.815104	0.815122	0.815165	0.815085	0.815092	0.815094	0.815076	0.815087	0.815095	0.815107	0.815105	0.815131	0.815076	0.815084	0.815094	0.815079	0.815083	0.815076	0.815107	0.815128	0.815076	0.815076	0.815101	0.815100	0.815083	0.815090	0.815116	0.815106	0.815083	0.815081	0.815098	0.815119	0.815082	0.815079	0.815134	0.815098	0.815106	0.815085	0.815122	0.815095	0.815094	0.815202	0.815094	0.815133	0.815093	0.815135	0.815076	0.815102	0.815087	0.815088	0.815081	0.815095	
100 1
0.000000	0.062860	0.197561	0.000000	0.000000	0.151090	0.000000	0.000000	0.024297	0.000000	0.000000	0.000000	0.024024	0.000000	0.150530	0.000000	0.000000	0.054359	0.005815	0.086059	0.000000	0.019669	0.000000	0.000000	0.021423	0.000000	0.000000	0.064640	0.098663	0.007595	0.421731	0.068887	0.000000	0.000000	0.000000	0.069292	0.350031	0.051060	0.000000	0.000000	0.000000	0.130180	0.049260	0.139851	0.000000	0.025106	0.076453	0.000000	0.000000	0.075279	0.000000	0.011352	0.000000	0.079203	0.151552	0.090675	0.151961	0.000000	0.205585	0.000000	0.000000	0.000000	0.000000	0.213284	0.004782	0.000000	0.082259	0.073770	0.250470	1.000000	0.076068	0.000000	0.034887	0.028258	0.000000	0.079294	0.300215	0.000000	0.000000	0.181501	0.120562	0.000000	0.142801	0.000000	0.000000	0.182840	0.171969	0.083394	0.000000	0.034799	0.000000	0.000000	0.000000	0.000000	0.140814	0.000000	0.012139	0.120156	0.000000	0.000000	
100 1
0.814167	0.815087	0.815108	0.815076	0.815076	0.815101	0.815076	0.815076	0.815080	0.815076	0.815076	0.815076	0.815080	0.815076	0.815101	0.815076	0.815076	0.815085	0.815077	0.815091	0.815076	0.815080	0.815076	0.815076	0.815080	0.815076	0.815076	0.815087	0.815093	0.815078	0.815140	0.815088	0.815076	0.815076	0.815076	0.815088	0.815130	0.815085	0.815076	0.815076	0.815076	0.815098	0.815085	0.815099	0.815076	0.815081	0.815089	0.815076	0.815076	0.815089	0.815076	0.815078	0.815076	0.815090	0.815101	0.815091	0.815101	0.815076	0.815109	0.815076	0.815076	0.815076	0.815076	0.815111	0.815077	0.815076	0.815090	0.815089	0.815116	0.815202	0.815089	0.815076	0.815082	0.815081	0.815076	0.815090	0.815123	0.815076	0.815076	0.815106	0.815096	0.815076	0.815100	0.815076	0.815076	0.815106	0.815104	0.815090	0.815076	0.815082	0.815076	0.815076	0.815076	0.815076	0.815099	0.815076	0.815078	0.815096	0.815076	0.815076	
100 1
0.000000	0.057790	0.000000	0.000000	0.704216	0.000000	0.088383	0.000000	0.000000	0.078702	1.000000	0.000000	0.000000	0.000000	0.000000	0.000000	0.000000	0.289566	0.000000	0.000000	0.000000	0.000000	0.450929	0.000000	0.120649	0.000000	0.266916	0.000000	0.000000	0.000000	0.644104	0.000000	0.000000	0.000000	0.000000	0.000000	0.525092	0.000000	0.000000	0.000000	0.000000	0.000000	0.000000	0.000000	0.000000	0.051504	0.093851	0.490873	0.188922	0.000000	0.000000	0.000000	0.000000	0.000000	0.000000	0.000000	0.000000	0.000000	0.000000	0.000000	0.000000	0.000000	0.000000	0.229350	0.000000	0.000000	0.000000	0.000000	0.693217	0.000000	0.581962	0.261364	0.000000	0.000000	0.060511	0.000000	0.000000	0.000000	0.000000	0.339555	0.000000	0.000000	0.000000	0.000000	0.309885	0.488896	0.000000	0.000000	0.235628	0.358138	0.000000	0.000000	0.000000	0.000000	0.000000	0.000000	0.000000	0.000000	0.000000	0.000000	
100 1
0.814167	0.815086	0.815076	0.815076	0.815173	0.815076	0.815091	0.815076	0.815076	0.815090	0.815202	0.815076	0.815076	0.815076	0.815076	0.815076	0.815076	0.815122	0.815076	0.815076	0.815076	0.815076	0.815143	0.815076	0.815096	0.815076	0.815118	0.815076	0.815076	0.815076	0.815166	0.815076	0.815076	0.815076	0.815076	0.815076	0.815153	0.815076	0.815076	0.815076	0.815076	0.815076	0.815076	0.815076	0.815076	0.815085	0.815092	0.815148	0.815107	0.815076	0.815076	0.815076	0.815076	0.815076	0.815076	0.815076	0.815076	0.815076	0.815076	0.815076	0.815076	0.815076	0.815076	0.815113	0.815076	0.815076	0.815076	0.815076	0.815172	0.815076	0.815159	0.815118	0.815076	0.815076	0.815086	0.815076	0.815076	0.815076	0.815076	0.815129	0.815076	0.815076	0.815076	0.815076	0.815125	0.815148	0.815076	0.815076	0.815114	0.815131	0.815076	0.815076	0.815076	0.815076	0.815076	0.815076	0.815076	0.815076	0.815076	0.815076	
