10
100 1
0.000000	0.000000	0.000000	0.000000	0.000000	0.000000	0.000000	1.000000	0.953274	0.000000	0.398733	0.000000	0.000000	0.000000	0.000000	0.000000	0.000000	0.000000	0.000000	0.000000	0.000000	0.000000	0.000000	0.000000	0.000000	0.000000	0.000000	0.000000	0.000000	0.000000	0.000000	0.000000	0.000000	0.143018	0.000000	0.000000	0.000000	0.000000	0.000000	0.000000	0.000000	0.000000	0.000000	0.000000	0.000000	0.000000	0.000000	0.000000	0.000000	0.000000	0.000000	0.000000	0.000000	0.000000	0.000000	0.000000	0.000000	0.000000	0.000000	0.000000	0.000000	0.000000	0.000000	0.000000	0.000000	0.000000	0.000000	0.000000	0.000000	0.000000	0.000000	0.000000	0.000000	0.000000	0.000000	0.000000	0.000000	0.000000	0.000000	0.000000	0.000000	0.000000	0.000000	0.000000	0.000000	0.000000	0.000000	0.000000	0.000000	0.000000	0.000000	0.000000	0.515213	0.000000	0.000000	0.000000	0.000000	0.000000	0.000000	0.000000	
100 1
0.000000	0.000000	0.000000	0.000000	0.000000	0.000000	0.000000	0.371525	0.638300	0.857187	0.845400	0.950385	0.988884	0.986948	0.958324	0.911570	0.853023	0.787567	0.718916	0.649818	0.582231	0.517493	0.456465	0.399654	0.347309	0.299496	0.256154	0.217134	0.182232	0.151209	0.123805	0.099750	0.078776	0.069753	0.074769	0.070021	0.063315	0.056494	0.050004	0.043957	0.038379	0.033273	0.028627	0.024428	0.020654	0.017284	0.014292	0.011652	0.009338	0.007324	0.005583	0.004090	0.002821	0.001752	0.000862	0.000130	-0.000462	-0.000933	-0.001299	-0.001574	-0.001770	-0.001901	-0.001977	-0.002007	-0.002000	-0.001963	-0.001902	-0.001823	-0.001730	-0.001628	-0.001520	-0.001409	-0.001298	-0.001187	-0.001079	-0.000975	-0.000876	-0.000782	-0.000694	-0.000611	-0.000536	-0.000466	-0.000403	-0.000345	-0.000293	-0.000247	-0.000205	-0.000168	-0.000136	-0.000108	-0.000084	-0.000063	0.158151	0.276311	0.350793	0.399540	0.429358	0.444186	0.447066	0.440583	
100 1
0.000000	0.000000	0.000000	0.000000	0.000000	0.000000	0.027555	0.000000	0.187252	0.000000	0.066118	0.103507	0.075717	0.000000	0.170823	0.539828	0.000000	0.037706	1.000000	0.000000	0.186186	0.230512	0.000000	0.000000	0.189388	0.000000	0.000000	0.317078	0.000000	0.000000	0.031461	0.000000	0.000000	0.000000	0.308135	0.355544	0.000000	0.000000	0.000000	0.000000	0.055644	0.000000	0.000000	0.190200	0.540790	0.000000	0.265764	0.213826	0.000000	0.000000	0.000000	0.000000	0.173350	0.000000	0.000000	0.101841	0.000000	0.000000	0.000000	0.000000	0.049081	0.446198	0.073977	0.000000	0.141825	0.000000	0.000000	0.000000	0.439510	0.132579	0.191925	0.000000	0.000000	0.000000	0.000000	0.000000	0.000000	0.000000	0.345344	0.000000	0.000000	0.000000	0.000000	0.084883	0.050682	0.006787	0.000000	0.000000	0.000000	0.000000	0.000000	0.000000	0.000000	0.000000	0.327497	0.000000	0.000000	0.000000	0.000000	0.186714	
100 1
0.000000	0.000000	0.000000	0.000000	0.000000	0.000000	0.000754	0.004319	0.026109	0.056858	0.073551	0.095718	0.120935	0.140777	0.159100	0.333603	0.457784	0.529273	0.694730	0.854123	0.891622	0.887863	0.923615	0.915480	0.865180	0.844164	0.798936	0.725383	0.708636	0.665889	0.616961	0.568634	0.517528	0.466809	0.435196	0.474867	0.513626	0.518478	0.508059	0.488844	0.465221	0.444270	0.416332	0.388086	0.489240	0.572062	0.591551	0.617576	0.651616	0.651268	0.633558	0.605256	0.565902	0.549349	0.516399	0.478818	0.452784	0.418113	0.381681	0.345562	0.311893	0.367266	0.421094	0.451397	0.455954	0.469273	0.462931	0.447184	0.474464	0.516138	0.535595	0.560897	0.557793	0.541125	0.516386	0.486449	0.453304	0.418455	0.412327	0.432605	0.426114	0.409530	0.388006	0.364621	0.350185	0.334261	0.312612	0.288653	0.264266	0.240199	0.216870	0.194550	0.173425	0.153617	0.188805	0.231802	0.249008	0.255404	0.255447	0.258046	
100 1
0.000000	0.000000	0.000000	0.000000	0.000000	0.000000	0.000000	0.000000	0.000000	0.000000	0.000000	0.000000	0.000000	0.000000	0.000000	0.000000	0.000000	0.000000	0.000000	0.000000	0.000000	0.000000	0.000000	0.000000	0.000000	0.000000	0.000000	0.000000	0.000000	0.000000	0.000000	0.000000	0.000000	0.000000	1.000000	0.000000	0.000000	0.000000	0.000000	0.000000	0.000000	0.000000	0.000000	0.000000	0.000000	0.000000	0.000000	0.000000	0.000000	0.000000	0.000000	0.000000	0.000000	0.000000	0.000000	0.000000	0.000000	0.000000	0.000000	0.000000	0.000000	0.000000	0.000000	0.000000	0.000000	0.000000	0.000000	0.000000	0.000000	0.000000	0.000000	0.000000	0.000000	0.000000	0.000000	0.000000	0.000000	0.000000	0.000000	0.000000	0.000000	0.000000	0.000000	0.000000	0.000000	0.000000	0.000000	0.000000	0.000000	0.000000	0.000000	0.000000	0.000000	0.000000	0.000000	0.000000	0.000000	0.000000	0.000000	0.000000	
100 1
0.000000	0.000000	0.000000	0.000000	0.000000	0.000000	0.000000	0.000000	0.000000	0.000000	0.000000	0.000000	0.000000	0.000000	0.000000	0.000000	0.000000	0.000000	0.000000	0.000000	0.000000	0.000000	0.000000	0.000000	0.000000	0.000000	0.000000	0.000000	0.000000	0.000000	0.000000	0.000000	0.000000	0.000000	0.371525	0.591797	0.725002	0.799276	0.831436	0.832942	0.812372	0.776372	0.730130	0.677662	0.622026	0.565496	0.509723	0.455864	0.404695	0.356707	0.312175	0.271219	0.233846	0.199983	0.169502	0.142237	0.118001	0.096590	0.077795	0.061407	0.047217	0.035023	0.024633	0.015860	0.008531	0.002481	-0.002440	-0.006373	-0.009447	-0.011780	-0.013476	-0.014634	-0.015338	-0.015664	-0.015681	-0.015449	-0.015017	-0.014433	-0.013735	-0.012955	-0.012121	-0.011258	-0.010384	-0.009516	-0.008665	-0.007842	-0.007054	-0.006308	-0.005606	-0.004952	-0.004345	-0.003788	-0.003278	-0.002815	-0.002397	-0.002023	-0.001688	-0.001392	-0.001130	-0.000902	
100 1
0.000000	0.000000	0.000000	0.000000	0.000000	0.000000	0.000000	0.000000	0.000000	0.000000	0.000000	0.000000	0.000000	0.000000	0.000000	0.000000	0.000000	0.000000	0.000000	0.000000	0.000000	0.000000	0.000000	0.000000	0.000000	0.000000	0.000000	0.000000	0.000000	0.000000	0.000000	0.000000	0.000000	0.000000	1.000000	0.000000	0.000000	0.000000	0.000000	0.000000	0.000000	0.000000	0.000000	0.000000	0.000000	0.000000	0.000000	0.000000	0.000000	0.000000	0.000000	0.000000	0.000000	0.000000	0.000000	0.000000	0.000000	0.000000	0.000000	0.000000	0.000000	0.000000	0.000000	0.000000	0.000000	0.000000	0.000000	0.000000	0.000000	0.000000	0.000000	0.000000	0.000000	0.000000	0.000000	0.000000	0.000000	0.000000	0.000000	0.000000	0.000000	0.000000	0.000000	0.000000	0.000000	0.000000	0.000000	0.000000	0.000000	0.000000	0.000000	0.000000	0.000000	0.000000	0.000000	0.000000	0.000000	0.000000	0.000000	0.000000	
100 1
0.000000	0.000000	0.000000	0.000000	0.000000	0.000000	0.000000	0.000000	0.000000	0.000000	0.000000	0.000000	0.000000	0.000000	0.000000	0.000000	0.000000	0.000000	0.000000	0.000000	0.000000	0.000000	0.000000	0.000000	0.000000	0.000000	0.000000	0.000000	0.000000	0.000000	0.000000	0.000000	0.000000	0.000000	0.371525	0.591797	0.725002	0.799276	0.831436	0.832942	0.812372	0.776372	0.730130	0.677662	0.622026	0.565496	0.509723	0.455864	0.404695	0.356707	0.312175	0.271219	0.233846	0.199983	0.169502	0.142237	0.118001	0.096590	0.077795	0.061407	0.047217	0.035023	0.024633	0.015860	0.008531	0.002481	-0.002440	-0.006373	-0.009447	-0.011780	-0.013476	-0.014634	-0.015338	-0.015664	-0.015681	-0.015449	-0.015017	-0.014433	-0.013735	-0.012955	-0.012121	-0.011258	-0.010384	-0.009516	-0.008665	-0.007842	-0.007054	-0.006308	-0.005606	-0.004952	-0.004345	-0.003788	-0.003278	-0.002815	-0.002397	-0.002023	-0.001688	-0.001392	-0.001130	-0.000902	
100 1
0.000000	0.044860	0.000000	0.516083	0.000000	0.123389	0.000000	0.000000	0.677328	0.000000	0.000000	0.000000	0.000000	0.000000	0.188951	0.000000	0.000000	0.000000	0.000000	0.000000	0.000000	0.771924	0.000000	0.083023	0.000000	0.000000	0.000000	0.000000	0.000000	0.520380	0.712491	0.081206	0.000000	0.436159	0.000000	0.000000	0.000000	0.111517	0.000000	0.000000	0.297183	0.000000	0.183004	0.000000	0.000000	0.000000	0.803600	0.175488	0.000000	0.000000	0.073283	0.000000	0.000000	0.016498	0.022538	0.000000	0.400781	0.042784	0.000000	1.000000	0.000000	0.000000	0.000000	0.000000	0.000000	0.000000	0.000000	0.000000	0.000000	0.000000	0.000000	0.111612	0.000000	0.000000	0.000000	0.000000	0.000000	0.000000	0.000000	0.684628	0.000000	0.000000	0.000000	0.000000	0.000000	0.000000	0.000000	0.000000	0.000000	0.453356	0.000000	0.000000	0.333939	0.000000	0.000000	0.000000	0.000000	0.000000	0.000000	0.000000	
100 1
0.000000	0.001390	0.007259	0.167361	0.286342	0.358030	0.421438	0.456007	0.576029	0.693482	0.750400	0.770276	0.764986	0.741884	0.696398	0.678041	0.639617	0.593991	0.545570	0.496513	0.448190	0.572599	0.678820	0.722549	0.748803	0.745693	0.724262	0.690529	0.648722	0.640673	0.735965	0.821738	0.872767	0.820758	0.860250	0.853655	0.823530	0.778242	0.742079	0.691885	0.629985	0.614084	0.569831	0.548356	0.510563	0.468592	0.597396	0.678826	0.750631	0.775318	0.771540	0.759955	0.729409	0.689505	0.646174	0.600117	0.570507	0.580035	0.567059	0.705835	0.837472	0.897602	0.913231	0.899341	0.865122	0.817258	0.760850	0.699790	0.636988	0.574562	0.514001	0.457592	0.418362	0.373513	0.329824	0.288929	0.251229	0.216793	0.185569	0.362433	0.489532	0.562751	0.602772	0.618975	0.617230	0.602061	0.577156	0.545518	0.509550	0.517909	0.554983	0.556799	0.545882	0.570420	0.563597	0.543160	0.515294	0.482925	0.447958	0.411801	
100 1
0.000000	0.043652	0.000000	0.000000	0.000000	0.000000	0.000000	0.000000	0.000000	0.000000	0.000000	0.000000	0.000000	0.000000	0.000000	1.000000	0.000000	0.000000	0.000000	0.000000	0.400266	0.000000	0.000000	0.000000	0.000000	0.000000	0.000000	0.000000	0.000000	0.000000	0.000000	0.000000	0.000000	0.000000	0.000000	0.000000	0.000000	0.000000	0.000000	0.000000	0.000000	0.000000	0.000000	0.000000	0.000000	0.000000	0.000000	0.000000	0.000000	0.000000	0.000000	0.000000	0.000000	0.000000	0.000000	0.000000	0.000000	0.000000	0.000000	0.000000	0.000000	0.000000	0.000000	0.000000	0.000000	0.000000	0.000000	0.000000	0.000000	0.000000	0.626565	0.000000	0.000000	0.000000	0.000000	0.000000	0.000000	0.000000	0.000000	0.000000	0.000000	0.000000	0.000000	0.000000	0.000000	0.000000	0.000000	0.000000	0.000000	0.000000	0.000000	0.000000	0.000000	0.000000	0.000000	0.000000	0.000000	0.000000	0.000000	0.000000	
100 1
0.000000	0.001339	0.007045	0.009064	0.009977	0.010424	0.010589	0.010549	0.010348	0.010023	0.009603	0.009113	0.008574	0.008005	0.007419	0.376073	0.595104	0.727292	0.800749	0.832271	0.786934	0.819436	0.809428	0.778435	0.735356	0.685025	0.630789	0.575098	0.519736	0.465966	0.414649	0.366342	0.321373	0.279902	0.241964	0.207511	0.176430	0.148572	0.123755	0.101785	0.082458	0.065566	0.050905	0.038273	0.027478	0.018334	0.010666	0.004310	-0.000887	-0.005068	-0.008362	-0.010890	-0.012758	-0.014065	-0.014898	-0.015336	-0.015449	-0.015296	-0.014932	-0.014404	-0.013751	-0.013007	-0.012202	-0.011361	-0.010503	-0.009645	-0.008801	-0.007982	-0.007195	-0.006447	0.208231	0.356904	0.451859	0.512684	0.547927	0.563098	0.562602	0.550161	0.528910	0.501444	0.469870	0.435866	0.400746	0.365516	0.330930	0.297538	0.265730	0.235765	0.207802	0.181924	0.158155	0.136471	0.116820	0.099120	0.083276	0.069180	0.056716	0.045765	0.036208	0.027926	
100 1
0.000000	0.000000	0.000000	0.000000	0.000000	0.000000	0.000000	0.000000	0.000000	0.000000	0.000000	0.000000	0.627326	0.000000	0.000000	0.000000	0.000000	0.000000	0.000000	0.000000	0.000000	0.000000	0.000000	0.000000	0.000000	0.000000	0.000000	0.000000	0.000000	0.000000	0.095022	1.000000	0.000000	0.000000	0.000000	0.596823	0.000000	0.155474	0.000000	0.000000	0.000000	0.000000	0.000000	0.000000	0.000000	0.000000	0.452168	0.000000	0.308462	0.000000	0.000000	0.000000	0.000000	0.936187	0.192946	0.000000	0.000000	0.000000	0.000000	0.000000	0.000000	0.000000	0.000000	0.000000	0.000000	0.000000	0.000000	0.678400	0.000000	0.000000	0.000000	0.000000	0.000000	0.000000	0.000000	0.000000	0.000000	0.000000	0.000000	0.000000	0.000000	0.000000	0.000000	0.000000	0.000000	0.000000	0.000000	0.000000	0.000000	0.000000	0.000000	0.000000	0.000000	0.135999	0.000000	0.000000	0.000000	0.000000	0.000000	0.000000	
100 1
0.000000	0.000000	0.000000	0.000000	0.000000	0.000000	0.000000	0.000000	0.000000	0.000000	0.000000	0.000000	0.213142	0.360980	0.455144	0.515243	0.549844	0.564460	0.563496	0.550668	0.529104	0.501390	0.469624	0.435475	0.400250	0.364948	0.330316	0.296900	0.265084	0.235124	0.209329	0.507183	0.691402	0.794771	0.844981	0.811782	0.880271	0.873874	0.877834	0.850986	0.807855	0.755081	0.696898	0.636360	0.575686	0.516453	0.511347	0.535987	0.530982	0.554147	0.547014	0.526883	0.499709	0.653211	0.740604	0.826156	0.857133	0.854935	0.830541	0.791038	0.741695	0.686534	0.628593	0.570119	0.512727	0.457535	0.405284	0.510246	0.601611	0.643090	0.656116	0.650095	0.630484	0.601286	0.565647	0.526042	0.484391	0.442155	0.400419	0.359969	0.321355	0.284941	0.250951	0.219502	0.190629	0.164309	0.140475	0.119027	0.099845	0.082795	0.067734	0.054515	0.042991	0.041991	0.053109	0.054004	0.052194	0.049521	0.046492	0.043293	
100 1
0.524514	0.269121	0.447542	0.000000	0.005470	0.033792	0.111829	0.236890	0.076484	0.000000	0.100189	0.017489	0.094555	0.067995	0.032339	0.056735	0.025487	0.083836	0.065419	0.138330	0.207726	0.227275	0.000000	0.280071	0.056122	0.124782	0.293333	0.094633	0.732073	0.000000	0.078960	0.619276	0.129509	0.000000	0.074728	0.034679	0.580872	0.000000	0.108909	0.022568	0.245493	0.173798	0.436166	0.013869	0.000000	0.188552	0.108112	0.092711	0.171041	0.288950	0.634057	0.052647	0.092981	0.107172	0.000000	0.065725	0.113525	0.192060	0.175853	0.353878	0.000000	0.047485	0.106772	0.013744	0.039216	0.000000	0.191609	0.335966	0.000000	0.000000	0.152216	0.144988	0.040744	0.084531	0.249474	0.183326	0.039319	0.028917	0.128815	0.267632	0.032053	0.015655	0.381355	0.128424	0.182948	0.052835	0.294052	0.113663	0.103367	1.000000	0.107467	0.369124	0.101086	0.388196	0.000000	0.159016	0.061356	0.071566	0.028609	0.114245	
100 1
0.162789	0.312538	0.480214	0.617752	0.693194	0.730190	0.737423	0.717611	0.721939	0.711571	0.679823	0.654192	0.616647	0.585397	0.553930	0.518464	0.485629	0.450380	0.422816	0.396576	0.388381	0.401478	0.417951	0.421608	0.443924	0.445470	0.462464	0.488626	0.623582	0.741065	0.789685	0.788015	0.837285	0.876027	0.871123	0.855674	0.808406	0.847338	0.832717	0.817506	0.761111	0.728867	0.711546	0.735167	0.722889	0.681754	0.659803	0.634244	0.600166	0.581412	0.669118	0.746009	0.774529	0.780055	0.780182	0.756060	0.723426	0.683336	0.653271	0.638077	0.652852	0.635117	0.607962	0.587194	0.555659	0.522368	0.482123	0.491440	0.514178	0.506804	0.484911	0.475368	0.471127	0.454503	0.445509	0.455040	0.465044	0.458437	0.441862	0.445284	0.462732	0.459247	0.474319	0.506736	0.520261	0.537151	0.536342	0.553411	0.555957	0.711371	0.820863	0.817355	0.868276	0.831189	0.874380	0.853129	0.842930	0.816247	0.784073	0.737907	
100 1
0.000000	0.062860	0.197561	0.000000	0.000000	0.151090	0.000000	0.000000	0.024297	0.000000	0.000000	0.000000	0.024024	0.000000	0.150530	0.000000	0.000000	0.054359	0.005815	0.086059	0.000000	0.019669	0.000000	0.000000	0.021423	0.000000	0.000000	0.064640	0.098663	0.007595	0.421731	0.068887	0.000000	0.000000	0.000000	0.069292	0.350031	0.051060	0.000000	0.000000	0.000000	0.130180	0.049260	0.139851	0.000000	0.025106	0.076453	0.000000	0.000000	0.075279	0.000000	0.011352	0.000000	0.079203	0.151552	0.090675	0.151961	0.000000	0.205585	0.000000	0.000000	0.000000	0.000000	0.213284	0.004782	0.000000	0.082259	0.073770	0.250470	1.000000	0.076068	0.000000	0.034887	0.028258	0.000000	0.079294	0.300215	0.000000	0.000000	0.181501	0.120562	0.000000	0.142801	0.000000	0.000000	0.182840	0.171969	0.083394	0.000000	0.034799	0.000000	0.000000	0.000000	0.000000	0.140814	0.000000	0.012139	0.120156	0.000000	0.000000	
100 1
0.000000	0.002296	0.036719	0.073300	0.091536	0.111339	0.139472	0.151833	0.157969	0.162621	0.162247	0.158969	0.154250	0.150596	0.151218	0.164170	0.163870	0.160209	0.160464	0.157669	0.161339	0.157091	0.152144	0.144320	0.135904	0.129224	0.120539	0.112968	0.116076	0.123449	0.218802	0.299717	0.353278	0.382327	0.396518	0.400326	0.432164	0.476866	0.496355	0.495622	0.483743	0.463435	0.455804	0.439121	0.432701	0.412027	0.389649	0.372570	0.347726	0.321930	0.304426	0.281356	0.258376	0.236255	0.229769	0.234435	0.242287	0.253643	0.260153	0.279781	0.280033	0.272922	0.261993	0.260011	0.275849	0.273756	0.265716	0.264585	0.284850	0.575987	0.740939	0.848888	0.896346	0.910539	0.898850	0.865502	0.797141	0.786213	0.745869	0.687240	0.649696	0.617767	0.569389	0.538965	0.496545	0.451992	0.432522	0.420717	0.404213	0.377683	0.352225	0.323451	0.294343	0.265903	0.242483	0.235378	0.218434	0.204143	0.201503	0.189244	
100 1
0.000000	0.057790	0.000000	0.000000	0.704216	0.000000	0.088383	0.000000	0.000000	0.078702	1.000000	0.000000	0.000000	0.000000	0.000000	0.000000	0.000000	0.289566	0.000000	0.000000	0.000000	0.000000	0.450929	0.000000	0.120649	0.000000	0.266916	0.000000	0.000000	0.000000	0.644104	0.000000	0.000000	0.000000	0.000000	0.000000	0.525092	0.000000	0.000000	0.000000	0.000000	0.000000	0.000000	0.000000	0.000000	0.051504	0.093851	0.490873	0.188922	0.000000	0.000000	0.000000	0.000000	0.000000	0.000000	0.000000	0.000000	0.000000	0.000000	0.000000	0.000000	0.000000	0.000000	0.229350	0.000000	0.000000	0.000000	0.000000	0.693217	0.000000	0.581962	0.261364	0.000000	0.000000	0.060511	0.000000	0.000000	0.000000	0.000000	0.339555	0.000000	0.000000	0.000000	0.000000	0.309885	0.488896	0.000000	0.000000	0.235628	0.358138	0.000000	0.000000	0.000000	0.000000	0.000000	0.000000	0.000000	0.000000	0.000000	0.000000	
100 1
0.000000	0.002010	0.009657	0.012421	0.260084	0.425676	0.524176	0.599223	0.637817	0.650341	0.755166	0.886357	0.944192	0.956461	0.938730	0.900441	0.848446	0.766470	0.740724	0.690979	0.634384	0.576297	0.558996	0.578750	0.562323	0.552481	0.525071	0.528969	0.508715	0.479749	0.560378	0.645071	0.679751	0.686269	0.674287	0.649363	0.648790	0.693234	0.695567	0.677318	0.647013	0.609051	0.566439	0.521415	0.475659	0.432113	0.396013	0.456831	0.510054	0.554711	0.565989	0.559917	0.542763	0.517982	0.488048	0.454880	0.419980	0.384508	0.349341	0.315128	0.282336	0.251285	0.222182	0.213615	0.223804	0.217048	0.205395	0.192045	0.379281	0.514931	0.621251	0.699846	0.789739	0.824226	0.825491	0.813473	0.781360	0.737443	0.686433	0.629149	0.621296	0.587395	0.545329	0.500635	0.468705	0.544666	0.611516	0.634071	0.619141	0.631268	0.668769	0.667647	0.648031	0.617673	0.580553	0.539378	0.496166	0.452431	0.409289	0.367545	
